   9.3451390915215343E-002
   6.9457578060209746E-002
   3.0469307040217986E-002
  0.17063605406427290     
   3.5213275289397536E-002
   2.2350977642173999E-002
   2.2389835263413867E-002
   1.5740937967362210E-003
   4.6963061232805074E-002
  0.10495560441448039     
   3.8634559809760008E-002
  0.17512640220086351     
   3.2682054343800948E-002
  0.13161743504674114     
   2.1448250474241204E-002
   3.6882965637628648E-002
   3.5261643880371826E-002
   1.3530016604205939E-002
   1.9945556502656052E-002
   2.3333807241914414E-002
   2.4938393986487686E-002
   7.0639305212499254E-002
   1.5840982339779996E-002
   3.3193672846647697E-002
   9.2788050077746737E-002
   7.5906635048457599E-002
   2.0853960183395384E-003
   7.3225474096172458E-002
   1.1698224133489992E-002
  0.10502878662921153     
   6.8346368434731949E-002
  0.15087828622551772     
   6.2083152342620518E-002
   6.8574990504425531E-002
   8.2451562797887082E-002
   6.3315772831584018E-003
   7.3469974993339753E-003
   3.3473109437982852E-002
   1.0625807466081876E-003
   1.8505095735337082E-002
   1.6455466205494172E-002
   9.5988793664730163E-003
   9.8260032486456230E-003
   1.7794963423004777E-002
   4.8736777714011803E-002
   4.8097043277332344E-003
   7.8566573490207632E-003
   2.0114905918058631E-002
   2.2773642351327745E-002
   4.6675206075211410E-002
   3.1955913090071349E-002
   3.0054217264984716E-002
  0.17809834453660012     
  0.17326622761870877     
   3.5946330051159790E-002
   7.9238128133360730E-002
   1.8029483119418609E-002
   8.6869895248934473E-002
   5.4200485850004532E-002
   9.3100876139045635E-002
   7.1566266788818667E-003
   5.2964889060054227E-002
   6.7822901690098025E-002
   3.4745283655238490E-002
   9.7422646990402914E-002
   4.2575009813389719E-003
   2.9013675819222481E-002
   6.4328879134512171E-002
  0.11836646745424244     
   7.9533492902331679E-002
  0.11556543329525347     
   1.5201329665928135E-002
   1.4474815947728490E-002
  0.10853494427241714     
  0.10817958981732161     
   7.2950581565569453E-002
   1.5480502294803106E-002
   9.9566658329747121E-002
   7.3524277430507171E-002
   1.7430195462806834E-002
   1.7759377656237973E-002
   2.9087194284984918E-002
   5.5757845200032817E-002
   4.0112049285398285E-002
   5.5908552747780532E-003
   1.8866363672713000E-002
   2.2073465279587728E-002
   3.5208588575217893E-002
  0.13319509938546753     
   1.4620867836297969E-002
   4.4930308407265994E-002
   2.0497444366623731E-002
  0.10616951758062250     
   5.2466862059707409E-002
   1.9922988858112761E-002
   4.8605462834680521E-002
   4.5341363771101663E-003
   5.3663126542053831E-002
   3.7861817471995171E-002
   6.0938104430208829E-003
   3.5305446875927765E-002
   8.7333293002757172E-003
   7.3040229176809884E-002
   8.8807930399165361E-002
   2.5140422537328590E-002
   5.1237876312228356E-002
   3.6107100115022904E-002
   8.8997723726475450E-003
   3.8282643650285508E-003
   4.0539661207306690E-002
   9.8211963374986375E-002
   2.4269556213168259E-002
   1.2928076097320367E-002
   6.1421190656248043E-002
   6.7533123781318719E-002
   1.5783176937617866E-003
   4.2642926968156220E-002
   4.7544279230424535E-002
   8.1909983235379291E-002
   3.6628124873642420E-002
   2.9699832289052167E-002
   5.8246048630966225E-002
  0.12549785920860157     
   2.5646019542753792E-002
   1.4861547383527806E-002
  0.11941796919865380     
   5.0580867367215600E-002
   7.4791844821872955E-002
   4.8585828097621429E-002
   1.3257129014086274E-003
   2.2819702281503602E-002
   7.2094803201424529E-002
   2.7849605612286520E-002
   3.7110874430830276E-002
   8.0158977231110113E-003
   5.8748697195630264E-002
   6.0682024838862002E-002
   8.3638925718860196E-002
   4.0856353071508304E-002
   3.5710704374806577E-002
   1.0998699571651898E-002
   3.7098993811976226E-002
   4.0407964034293094E-002
   5.4266583360702614E-002
   2.7373997726384505E-002
  0.11450615680771792     
   4.5428185204637152E-003
   1.5420466187604905E-002
   3.7124893180453797E-002
   4.9072169337331127E-002
   5.3108921969465692E-002
   6.3705455258827551E-002
   2.9087603797457798E-002
   1.7693189154477974E-002
   1.3027591617447043E-002
   3.1354954403314581E-002
   3.7958263415428517E-002
   1.7962809067950239E-002
   1.1922503687573844E-002
   9.0025399769250267E-002
   1.3467819265912914E-002
   1.3137862210545144E-002
   6.3383084537507836E-002
   2.1226417673153881E-002
   2.6286146103339531E-002
   3.1885074430720153E-002
  0.11627027283245171     
   3.9625189874967472E-002
  0.19661571024854482     
   2.4259886814579610E-002
   5.5674829037052495E-002
   1.1940659814901411E-002
   2.3679149722772200E-002
   2.2015527181089272E-002
   2.5328647488683343E-002
   5.3646519766755388E-003
   2.9803970939031300E-002
   7.7263960699790205E-002
   4.0071809113478886E-002
   9.6088223231505426E-002
   2.6155429095197368E-002
   8.2505884840010119E-002
   7.4600588874602275E-002
   5.6523453862808187E-002
   4.0461250354327481E-002
  0.16368100455482845     
   3.5851221251904243E-002
   2.0354050203437831E-002
  0.10322484269903483     
   1.3385847556358160E-002
   7.5102704838118633E-003
   2.0253914905024293E-002
   6.7860071144340506E-002
   8.3707737370137161E-002
   4.4026858967423643E-003
   5.0954922870009058E-002
   7.5077381183039846E-002
   3.6894481287484973E-002
   4.8754123421333199E-003
   7.6169477012882111E-002
   1.0073507517258223E-002
   3.1433571809779473E-002
   7.3790398070836316E-002
   1.5660305223985714E-003
   2.4060987578260820E-002
   2.6768339609479875E-002
   5.0495896273718269E-002
  0.11225299711825382     
   7.5469112648712006E-002
   2.9603070279298253E-002
  0.14250387052782229     
   2.2075946985586948E-002
   3.0779149740571152E-002
   1.8647115120822174E-002
   1.4568985154333925E-002
   1.5386743724011812E-002
   5.7305170514447480E-002
  0.19805497999388350     
   9.1128886076823762E-002
  0.20127833233785297     
  0.12487035758178261     
   2.1756530693099362E-002
   3.3016263810796427E-002
   8.0268918491103999E-002
   6.1005048702748366E-002
   1.4677175416250725E-002
   1.7684802307256539E-002
   7.3546221222119776E-002
   7.5841214216295881E-003
   6.6884124459888519E-002
   7.7434261248716260E-002
   7.0720057169599310E-002
   2.4797444952185388E-002
   2.8042006993690048E-002
   5.1560477763976181E-002
   4.4920844025371109E-002
   4.6459936395438266E-002
   6.6081270227823966E-002
   2.6501732002753756E-002
   5.4175995838721860E-002
   6.8237758822603705E-003
  0.10480185595213490     
   1.9663787950331101E-002
   2.3364923796120832E-002
   6.3651609953105578E-002
   5.3223802555577897E-002
   1.6785563578446270E-002
   6.4467955244299255E-002
   1.9857241645951085E-002
   8.4992309457304682E-002
  0.10071678347432220     
   1.8935451302690660E-002
   4.9582855682425899E-003
   4.8634080954673232E-002
   4.7154556881013276E-002
   7.9823461662095974E-002
   2.4318689735582336E-002
   5.4403891642304698E-003
   7.7383086646028356E-003
   9.2398485455970018E-003
   1.2964418611314548E-002
   2.0434640277614897E-002
   8.2868219890355199E-002
   4.7291489941657418E-002
   2.0954344346822053E-002
   5.1457720552233091E-002
   5.0644440301149049E-002
  0.16533799426930362     
   2.7915554061545295E-002
   1.9168567766251726E-002
   2.0585384004473690E-002
   7.5728227528482272E-003
   3.5178910861285939E-002
   7.8551884104940909E-003
   7.0128028945597503E-003
  0.13300651809422373     
  0.25388796373130212     
  0.12154263332613804     
   7.0711625481393370E-002
   5.7521458798343389E-002
   5.7603503409749117E-002
   9.9503698715794897E-003
   2.2619044989010819E-002
   1.4049532076819247E-002
  0.19842851944010689     
   1.9536919703994130E-002
   6.8299961124699146E-002
   4.4360317707768514E-002
   2.6059483779110260E-002
   5.8007503799533313E-003
   8.9536013828213148E-002
   2.5200111779041738E-002
   1.9072258571778803E-002
   6.6014689004682877E-003
   8.8192410818542899E-002
   8.7169483848046053E-003
   4.8317112536302040E-002
   6.3036601324391343E-003
   5.3685166514965514E-002
  0.14984580181749441     
   6.7606860783225295E-002
   2.4346736956339404E-002
  0.23988936914813810     
   6.6944250515403050E-002
   1.0133408720992033E-002
   2.3615449108558035E-004
   1.0433225580872195E-002
  0.20009555449454702     
   3.6421690546769768E-002
   7.5970701210444469E-002
   4.4005749761972683E-002
   6.7698942667711606E-002
   2.0084946394933217E-002
   6.3880714794074403E-003
   2.5355529612660754E-002
   3.3423932408548997E-002
   2.6685667237107687E-003
   1.3725378402593667E-002
   4.1961446258514182E-002
   6.3671482163781587E-002
   1.1057681497557929E-002
   6.4225225504277755E-002
   1.7655930380236072E-003
  0.10245604543670114     
   4.3589212531390920E-002
   3.9630992479932452E-002
   5.2367433783960790E-002
   6.0641362934018429E-002
   3.5433403778784754E-002
   4.0368165692277998E-003
   4.7628655451871144E-002
   4.4422417144325668E-002
   1.4200897463837630E-002
   4.5642284762894857E-002
   6.9946723169725764E-002
   3.9886852592138498E-002
   7.2134066632066951E-002
   8.2949892925803875E-002
   9.8982043806883177E-002
   4.9269631617511033E-003
   6.4013352006154170E-002
   6.4749284192260767E-002
   3.8402053184873788E-002
   1.4926768837996632E-002
   9.3255093742598785E-002
   2.2051739098961909E-002
   6.1425074620807082E-002
   6.1376500214316045E-003
  0.18076129455212056     
   7.0481597816661650E-003
   2.2936353506622414E-002
  0.11366829571752801     
   1.7883782567269128E-002
  0.12873502252091901     
   2.8974730273071448E-002
   2.8129347430733932E-003
   7.4181551060112649E-002
   2.2115520423222193E-002
   4.8416121199346691E-002
   1.2243268401769550E-002
   4.2780912506361173E-003
   1.6149285317263961E-002
  0.11314294189597751     
   8.2593232522316415E-002
  0.10196079377497304     
   3.5339709406327366E-003
   4.0045502349526176E-002
   8.8313658103711834E-002
   2.3100288591113769E-002
   3.6140886123941326E-002
   4.2906479241620665E-002
   5.8195891400766357E-002
   9.4338862336458509E-002
  0.15535379266420973     
   7.7308210611378653E-003
   2.9834551068075209E-002
   2.1463633200815766E-002
   7.8941941344180006E-002
   1.1133067407977771E-002
   9.8608482019310606E-003
   5.8340319998350085E-002
   2.7933824871097031E-002
   3.7338582789517599E-002
   2.7840018666320635E-002
   9.8315658741307113E-002
   3.0864096750996318E-002
   1.8643440766801526E-002
   7.0269646819023632E-002
   4.2885520793021555E-002
   4.4121796221174986E-002
   6.3233072811347865E-002
   4.9066055051652749E-002
   1.2793864000346997E-002
   3.2063954905828432E-002
   5.2179173167228948E-002
   2.8716306818413730E-002
   5.0954525650335085E-002
   2.2419620652696919E-002
   4.3809306106520021E-002
   4.9302412501899373E-002
   2.3279255623380252E-002
   2.7894807086980285E-002
   6.4795630845910987E-003
  0.11287749876733405     
   2.8160782702604345E-002
   1.8324655688152294E-002
   3.3277478095424108E-003
   6.5846180415864500E-003
   5.8175040930746411E-003
   4.6254278381736465E-003
   9.2914340658438122E-002
   4.2644188358602453E-002
   2.4125567491571083E-002
   6.2501288432611407E-002
  0.11270084927102098     
   5.4962292369449078E-002
   2.5362015358405220E-002
   2.4945174505932109E-002
   3.1277399196328104E-002
   2.4623951271712827E-002
   3.0136595921422940E-002
   3.2725270064148881E-002
   8.8939551210740292E-002
  0.23109286959502603     
   4.1077352892216956E-003
  0.15490623236792145     
   6.7398107633601370E-003
   6.9528011616988850E-002
   8.8154876209953270E-002
   5.9872845263732773E-002
   1.4085893569587029E-002
  0.10268359011277761     
   8.7283144155953611E-003
   8.2724764972920500E-002
   6.5134973653812753E-002
  0.11125994502033640     
   1.3672583166616539E-002
  0.17525137325828374     
  0.16832813725066417     
   4.7389049560480553E-002
   5.9026264526538086E-002
   6.5826812246922675E-002
   5.1652821056859866E-002
   2.0291264092568588E-002
   4.6991214438065754E-002
   2.4563639092664454E-002
  0.10210856913992188     
  0.12772564598885339     
  0.13562615053420060     
   4.7147465730500208E-002
  0.20028908362057374     
   7.9485897851267098E-002
   6.8123459873542347E-002
   8.5531471572949408E-002
  0.16602004926603109     
   8.5744289970513851E-002
   1.3511865773054495E-002
   1.2360851790367203E-002
   2.5648951343851333E-002
   3.4163701807590895E-002
  0.10084900054159575     
   9.6871936662017034E-003
   5.1829923735622258E-002
   1.1520732483306172E-002
   6.9919134275051812E-003
  0.10648687227282168     
   3.4380405303211063E-002
   5.1570590674293766E-003
   1.0381502029352563E-002
   4.7406432685716112E-003
   2.8976662837302634E-003
   9.3162223736692890E-002
   6.0171552502427075E-002
   8.5644324791638374E-002
   8.9135972719929402E-002
   2.5184893508179134E-002
  0.21214317032658389     
  0.12243036567661489     
   6.6811802484149196E-002
   5.4626124210903106E-002
  0.10472411094177081     
  0.12553612955685842     
  0.18916747686697874     
  0.11437123887958640     
   2.4628163921730412E-002
   1.3305841645394357E-002
   8.0807852509253111E-002
   2.0623418089622432E-002
   5.8437679217934427E-002
   1.4460247341076270E-002
   2.1462400822586731E-002
   1.1565546884229529E-002
   5.0495977699479958E-002
   3.6249688473855755E-002
   1.6183392499764315E-002
   1.9854526013595199E-002
   3.7287429511427640E-002
   7.0862316616943893E-002
  0.13034025134957292     
   4.8828999267187791E-002
   5.0869874514021432E-002
   1.3516777319292310E-002
   1.5279457352385093E-002
   5.8566097005273987E-002
  0.14329116066415593     
   1.3204211917645562E-002
   4.9965334946438469E-002
  0.15889300415157734     
   5.3116214173718673E-002
   2.7744699547348088E-002
   2.9272130126705175E-002
   4.1484719957171144E-002
   6.0325168321731959E-002
   3.7758893912101868E-002
   5.0055190081563082E-002
   3.5473874671528220E-003
   1.1297644339356240E-002
   2.4498770232884311E-003
   7.7110234559286270E-002
   3.2887614974236895E-002
   2.0369603458720093E-002
  0.13744771676821155     
   4.1613177505743948E-002
   2.5814485449120583E-002
   4.0424937295245919E-002
   3.3680779620465931E-003
   7.2285722431641275E-002
   8.4961301697584923E-002
   8.0278528227000892E-002
   4.1201909277484849E-002
   3.7664513393034935E-002
   7.4580083709834585E-002
   1.6365689010460170E-002
   6.9875643642500596E-002
   2.0541099094344501E-002
   2.9292532263031835E-002
   1.7577219090503159E-002
   9.6862320139165389E-002
   6.6884818476198704E-002
   5.1710145520825021E-002
  0.10795907383585357     
   7.8527863465583450E-003
   3.1604282841992432E-002
   6.8561132275729589E-002
   6.9421941271620704E-003
   5.2397442585600140E-002
   3.1429724271702819E-002
   5.9374329776943076E-002
   6.4602879372981981E-002
  0.12262912887328109     
  0.32847952012322590     
   8.0174662793622245E-002
   3.4603791516574403E-002
   9.2293214936763318E-002
   3.6587442556752517E-002
   5.8870637773028199E-003
   2.0328436987178334E-002
   5.9423397407969002E-002
   3.1524287963706925E-002
   7.3372189213807481E-003
   1.4051736586141705E-002
   6.7735038176046897E-002
   4.8532424439054332E-002
   1.7765024162729854E-003
   7.9092636064415356E-002
   1.2048988772020729E-002
   4.8580046284683147E-002
   5.9520676304749880E-002
  0.25982013731269393     
   5.8318440725772351E-003
   1.4834610425900511E-002
   1.0900770286558805E-004
   3.8620897841852561E-002
   3.6636056795526180E-002
   6.8573067400462581E-002
   3.2700234122190260E-002
   2.6238258405302861E-002
   6.6304736389775160E-002
   7.9598431907746577E-003
  0.10485254733221223     
   2.8153462016971078E-002
   1.9493955198570338E-002
  0.33109973085254318     
   3.3740295025956282E-002
   1.0805244905469656E-002
   3.0305090868561878E-002
   2.5877421142065114E-002
   1.5042357928437985E-002
   4.9868906385635969E-003
  0.29454135896512890     
  0.12913397986908048     
   2.0942143644453286E-002
   1.9886861044751292E-002
   1.2200319686246621E-002
   4.7052165981635745E-002
   5.3072113381407014E-002
  0.15726851914645493     
   1.5672603644510296E-002
   5.4659062619045712E-002
   5.8944617887545694E-002
   3.0924028370855394E-002
   7.7834019467962798E-002
   4.6678769584707909E-002
   1.9150753587474971E-002
   7.8911220609010721E-002
   1.5096192769467222E-002
   6.2219727780871315E-002
   5.6016315717130387E-002
   8.8879406627589905E-003
   4.8899242415841454E-002
  0.27242745766512100     
   9.9462955674626177E-003
   6.6583066539790292E-002
   5.0366283426724952E-002
   1.7307562776066189E-002
   3.8972444889304632E-002
   8.2464919869544975E-002
  0.12311958998650871     
   1.7393901000250948E-002
   3.3929433435322266E-002
   6.5660040701193800E-002
   3.8350930467252541E-002
   7.4075629113755453E-002
   7.4650929274193853E-002
  0.10167170474631296     
   6.2251983507346169E-002
   4.5777780869844943E-002
   3.7337284358342965E-002
   6.8358554240939812E-002
   1.2954631747337899E-002
   9.6469923053087974E-003
   7.4430893133679121E-002
   8.4295154401366493E-002
  0.11341242886147310     
   3.2408424214357932E-002
   3.0218558698907556E-002
  0.10643202233978473     
   1.6825718573230345E-002
  0.10687334153673397     
   2.5380250290260510E-002
   8.7159590959755520E-002
   2.4391272024693938E-003
   7.2264942253805600E-002
  0.20124884844207652     
   5.2046445772216142E-002
   2.8219183585215012E-003
   6.3504611643937753E-002
   9.5066434702325939E-002
   1.4930561674243358E-002
   7.5445141840796348E-003
   3.4275221206237563E-002
  0.11207234151795301     
   6.2726072353150248E-003
   6.5889512187638610E-002
   8.9739378119241237E-002
   8.5028644481399226E-002
   2.7650293765028405E-002
  0.12048878078581529     
   6.5511135850233090E-002
   5.9521681353914606E-002
   2.6122933750414617E-002
   4.3985300606722205E-002
   7.5833262404940843E-002
   9.5112846943837849E-003
   7.0611991512640582E-002
   3.3750323048471149E-002
   2.6259035992018825E-002
   1.9510215704607488E-002
   2.7805052388900470E-003
   1.4927439790801904E-002
   3.6555590316475671E-002
  0.11501342143307045     
   9.2362522524439605E-002
   3.4758811914278064E-002
   1.1151157102745888E-002
   6.7200680378638952E-002
   2.1136426266100360E-002
   2.9365674223933151E-002
   1.9629258646073011E-002
   3.9391983449769269E-002
   6.9726724908277388E-002
   3.8079709646041876E-002
   6.6196212203870975E-003
   6.8213687856300873E-002
   5.4140614535440626E-002
   1.6376928089793505E-002
   4.2748693152255053E-002
   3.3113253379854816E-002
   6.8528927831918940E-002
  0.26908506010196193     
   7.1928619031193672E-002
   6.7736354428452938E-002
   9.1384524576271775E-002
   2.9164298050607457E-002
   1.0503823342711091E-002
  0.11318684579254826     
   9.6033470514658055E-003
   1.6698917183529786E-002
   5.8921465250325669E-002
   7.9337579507348002E-002
   9.3459045008940200E-002
   3.8415137971278802E-002
   1.8652808576668022E-002
  0.16188556525810779     
   4.3894918923806273E-002
   5.5151804161166100E-002
  0.11831144297520228     
   5.3338440345209556E-002
   6.9870899426236407E-002
  0.14734017241698785     
   1.9031901445638245E-002
   4.3997710171516012E-002
   1.3498043627773723E-002
   4.6262488061278905E-003
   2.6245031435535842E-002
   2.5845319797301561E-003
   3.5130505811217100E-002
   3.9643650149987809E-002
   7.0293239858867235E-002
   9.3752329668818305E-003
  0.16767011942577145     
   8.0386065850224606E-002
   3.5202162226216943E-002
   5.8253009673794078E-002
   6.7140472618993849E-002
   9.7580291155921817E-002
   4.9247345781105491E-002
   5.7516544587921908E-002
   3.4360093027850078E-002
   4.9251101334604787E-002
   1.3820050358858057E-002
   7.1722008572221874E-003
   8.0515323496834018E-002
  0.10024435148670997     
   4.9589007671010252E-002
   3.6089630388845918E-002
   2.3724319362530666E-002
   3.3207685207781688E-002
   4.2867045876402700E-002
   4.4656097804552462E-003
   4.1029781565421398E-002
   5.0989782288497758E-002
   2.5295030022957458E-002
   1.3987215011575476E-002
   1.3496011610440868E-002
   1.8141675098950680E-002
   1.2610111437732196E-002
   9.6755271402063622E-002
   3.9107465817782176E-002
   2.7427400730419840E-002
   1.9483530720287665E-002
   1.7545808379626736E-002
   8.3565332557251522E-003
   5.8967591178719941E-002
   2.1957289986069252E-002
   1.4847989377156699E-002
   5.7884020326526821E-002
   5.6260898773355016E-002
   5.9029454018646489E-002
   8.5189988892678273E-002
   5.0975903474269689E-002
   5.2406988332150718E-003
   2.2739439310304539E-002
   6.0533167309008575E-002
   6.5841345573991197E-002
   6.8414227836674103E-003
  0.15457925275391593     
   4.4711743974205062E-002
   2.5506893744271456E-002
   8.8846224058528031E-002
  0.11930740769225469     
   8.9243486140403644E-002
   5.9583505288565354E-002
  0.31992426218406567     
   6.2619207068305829E-002
   4.4492829402557818E-002
   7.3874596704701489E-003
   3.7929772659438248E-002
   2.4668830873147703E-002
   2.4132643245102770E-002
   5.5247695090292794E-003
   1.6392108599613573E-002
   3.4416494012167530E-002
   5.9131015246158746E-003
   2.4779069332270531E-002
   4.9133268809496256E-002
  0.13824975988440236     
  0.15396924677746668     
   1.5215777516960374E-002
   5.8913813891074182E-002
   7.1976700248379918E-002
   3.1791848229346054E-002
   4.2113026972124337E-002
   8.8666246063213078E-002
   8.4411333071686911E-002
  0.40055475644042143     
   7.0673991256896872E-003
   2.4165471442142254E-002
   5.1916778710447961E-002
   8.5165317681298716E-002
   4.9938804056489573E-002
   6.1733258871757360E-002
   6.8377375766781809E-002
   1.6450484960832925E-002
   3.3904602866898816E-002
   3.3359660647996919E-002
   7.2775760499133105E-002
   1.0863656330464804E-002
   5.4831248515433743E-002
   9.8455666731080166E-002
  0.13000283175615715     
   4.2928880534440474E-002
   7.0578159222438430E-002
   2.9653616849024029E-002
   1.3372152398458759E-002
   9.1317790643539898E-002
   4.7021732225516442E-003
   4.4973413433131319E-002
   1.5634472986337737E-002
   5.6076289386298800E-002
   6.2034596867174017E-002
   7.9718268586100358E-002
   6.1446723640468714E-002
   6.1359073189047569E-002
   5.0582403647046144E-002
   2.1039298083208105E-002
   2.4289270940634010E-002
  0.39825658806707664     
   1.2308639086839875E-002
   3.7219485481918266E-002
   8.5752017324240010E-003
   4.8303639693678541E-002
   2.7552449781181536E-002
   6.1730590457570334E-003
   6.7587200959195485E-003
  0.15855443782528278     
  0.19215508151074928     
   7.7110433962105346E-002
   6.2012910542987222E-002
  0.13423268289156146     
   4.6650744181522983E-003
   9.7774187631291351E-002
   8.2809829374843325E-003
   8.3076120301705220E-002
   5.3564829597747702E-003
   2.3621032362953352E-002
   8.4502927107534181E-002
   2.6232988822365959E-002
   2.6234730908296620E-002
   5.4171937558094838E-002
   6.0683223339248478E-002
   8.0615517481122750E-002
   5.1276374944734360E-002
   6.9218355588750960E-002
   5.0256022765384260E-002
   4.0137287238537274E-002
  0.11610893968354548     
   4.7866571929953576E-002
   1.2788689336294118E-002
   7.4850896220464078E-002
   5.0461995457442003E-002
   3.5306271770920200E-003
   2.6949757537301517E-002
   1.9106557052536072E-002
  0.17401082505414478     
   8.5780333635593151E-003
   3.0044834328227767E-002
   3.0274320852438828E-002
   4.1229762670959971E-002
   1.3240102023194670E-002
   3.0465128537163249E-002
   1.8972163094040987E-003
   3.6404489324621966E-002
   9.0470990681021643E-002
   7.2872999809190653E-003
   8.0949254002378096E-002
   7.1526708270344588E-002
   9.6478746862118433E-003
   5.0324776684124257E-003
   5.2415831551741066E-002
   3.8018248625939027E-002
   5.6878201078614313E-002
   1.2170752240574359E-002
   1.6488284300754538E-002
   1.6859946071480510E-002
   1.4158143470661379E-002
   8.4743863819157578E-002
   2.5440525024980690E-002
   2.1852094073274184E-002
   3.1765346411318611E-002
  0.30238194144512709     
   7.5832238890006634E-002
   3.9019398050804753E-002
  0.12572239385087275     
   2.7630639913341134E-002
   8.3959949863458023E-003
   3.3061952786148971E-002
   5.5411397174288231E-002
   4.8629463765455787E-002
   6.6518850882049160E-002
   3.7162851442206643E-002
   5.8818552312749545E-002
   3.1280544007822480E-003
   2.0730887073591078E-002
   1.0171515939213662E-002
   3.0044676339241082E-002
   4.3992343219324569E-002
   3.3805214488399377E-002
   8.4409906667125181E-002
   6.0999396953604221E-002
   6.5251169336695364E-002
   3.4509198919458375E-002
   8.0236525845478079E-002
   1.0485678851788333E-003
   1.3810737325105028E-002
   3.1254907425930727E-002
   1.5617836578926972E-002
  0.10734618106346913     
   2.2699500359375763E-002
   1.7487106268669429E-002
  0.35877895120609360     
   3.6139954184054170E-002
   4.6335740574781466E-002
   1.1829637505003342E-002
   1.8320420839306871E-002
  0.10252265937093910     
   5.5032612057251832E-003
   1.3359864825641211E-002
   1.2219383990033555E-002
   1.8636224674786317E-002
   2.5999526384519453E-002
   6.4248669728440830E-002
   7.7235599160590902E-003
   5.1822380008747670E-002
  0.11871260153661166     
   4.2864655404894224E-002
   9.0202294038447109E-002
  0.10388714954408995     
   6.3567518487129979E-002
   3.3266140425691940E-002
   5.3517718483995495E-002
   2.3829013001900830E-002
   2.9966840587981197E-002
  0.21819942130715148     
   3.2786196219947147E-002
   4.4560304672138236E-002
  0.30484281217728687     
   3.6695451114148684E-003
   3.4693187963657550E-002
   3.1457686266444365E-002
   6.5648876663884290E-002
   7.7838223968117473E-002
   5.8589302492233333E-002
   2.2254185319281104E-002
   4.4206138852259706E-002
   9.9990579465501113E-003
   3.2266984824849639E-002
  0.12709613974698120     
   6.0323059931292299E-002
   9.3046407698328722E-003
   1.2564486959106055E-002
   3.2575263801477822E-002
   1.5220143150889751E-002
   4.2399496842031092E-002
   9.6585645778843862E-002
   4.8376589880122473E-002
   3.7162104189667956E-002
   1.0079306399773356E-002
   3.5156017667490533E-003
   5.6878062278811634E-002
   4.3102657881115933E-002
   3.7971500564228419E-002
   1.8558069905666020E-003
   8.6521163468719853E-002
   2.1869630980799821E-002
   1.5068251910135649E-002
   8.5643539633186092E-003
   8.2809115492597750E-003
  0.10700916757186288     
   2.6751678826201107E-003
   7.0568424503098207E-002
   2.9184170863907340E-002
  0.12209174106857558     
  0.17422923090013862     
   4.7913774062365508E-002
   1.7383555342806892E-002
   5.9953607987992104E-002
  0.30527776471962503     
   3.7592726396033345E-002
   2.3277613304272114E-002
   1.8662175179059149E-002
   1.0898162014026420E-002
   6.1380494380205729E-002
   3.4694891074969939E-002
   3.6791646683039567E-002
   5.2424816826766925E-002
   7.5158591631272392E-002
   2.1941147726556452E-002
   6.1357022085048833E-003
   2.4129004498077460E-002
   7.0654918340128048E-002
   3.8385368727252865E-002
  0.12554680064854618     
   3.6834668953263969E-002
  0.10736460555413421     
  0.11647080101501343     
   1.5119877841681921E-002
   1.7404118226342913E-002
   3.5887314569921260E-002
   7.7175711412247799E-002
   7.3321516055669181E-002
  0.12216506068592839     
   5.0910370995853459E-002
   7.1492638913383574E-002
   1.9689288748009629E-002
   5.2870626676719809E-002
   3.8477756083870799E-004
   8.5450522845230498E-002
   6.5296853611800680E-003
   4.4600789028914782E-002
   1.5757319680310352E-002
   4.9609750773743792E-002
   8.9054043112191186E-002
   6.4055544343654958E-002
   3.0866710617967103E-002
   1.4135464007846803E-002
   6.6273420654217263E-002
   8.1014372323135516E-003
   6.5544595363937284E-003
   1.3667258433249967E-002
   2.5426682925324677E-002
   7.7046448549578053E-002
   7.1926683468464814E-002
   8.1301684560417545E-002
   2.8493380448946108E-002
   4.8731035203861940E-002
   8.0500111141646222E-002
  0.16656240264901420     
   2.6126762033036519E-002
   9.1114587410564107E-002
   3.2706006918848014E-002
   1.5749284706019728E-002
  0.14575841149022564     
   1.4247756604408357E-002
   1.2889275807768870E-002
   2.5103219446990323E-002
   2.3702175070869354E-002
   3.0674755229107523E-002
   8.8115508545239932E-002
   7.4323721718041261E-002
   2.4310160931198345E-002
   1.4211505113368502E-003
   6.7557480573261386E-002
  0.16447794364536553     
   2.8558829084327192E-002
   1.4647438868600794E-003
   6.8252228724438077E-002
   9.6648188214755973E-002
   7.4064143943870300E-003
   3.5167969452362093E-002
   7.5771754039185308E-003
   1.2040851807303556E-002
   2.8917814953071524E-002
   1.1337016112891859E-002
   5.3406794257857597E-002
   4.8023286790136212E-003
   1.5234907170664719E-002
   2.8237808664660680E-002
   5.3120880290713601E-002
   7.2638251946926385E-002
   4.2526358480824721E-002
   1.1263213156172250E-002
   4.9035069128040065E-002
   1.5149705402102668E-002
   1.9313836004296186E-003
   4.3105347277250017E-002
  0.26645491035500568     
   3.4201170543384250E-002
   1.5916422742877589E-002
   2.4784648539825174E-002
   3.7124564406490888E-002
   9.0673368335003612E-003
   3.3793774130440338E-002
   4.6571145615200808E-002
  0.23563598948049663     
   2.2447781361713197E-003
   8.2803040968854075E-002
   1.9871248950977870E-002
   4.1655031441600980E-002
  0.22908550238784922     
   5.1469144540134688E-002
   3.1088734540983126E-002
   2.7015339951233550E-002
   6.1639331653851645E-002
   4.2600045797963490E-002
   1.1561212024441988E-002
   5.9773394806788067E-002
   2.6316505206149605E-002
  0.12419238843174749     
   2.7651045254306776E-002
   2.6411123284689888E-002
  0.20501786574634054     
   7.1357564221640416E-003
  0.56036655070557206     
   4.1008211365767211E-002
   6.4165334587564904E-002
  0.17501092315863503     
   2.4216400096631587E-002
   4.8499647642373425E-002
   4.7935117310405978E-002
   9.7558668433668158E-003
   4.8023243075953091E-002
   8.6537642389929142E-002
   4.1761260323593369E-002
   2.6695098601551753E-002
   9.0005664836179042E-003
   7.0613940885783072E-002
   6.8480369136660446E-002
  0.10867307656088998     
   2.2414036439036788E-002
   3.1877795883124983E-002
   1.4788496271846627E-002
  0.11490161770073272     
   8.3771866247461760E-002
   6.1052419252048025E-002
   5.7462847003094480E-002
   3.2301219235797270E-002
   6.2692715345369118E-002
   9.7494508287239934E-002
   7.6130653881158014E-002
  0.11788165477945022     
   2.3709847366666294E-002
   1.3230932858008106E-002
   1.3305320529176715E-002
   6.3807122954284062E-002
   5.0831069184279751E-002
   3.4639660980040010E-002
   2.2005297363561376E-002
   3.7329409056162090E-002
  0.12240883550990828     
   3.1176538040704485E-002
   1.3489610672030609E-002
   4.2816975986115252E-002
   6.3614069671173348E-002
  0.11152063109783790     
   1.3474263455069762E-002
   4.2860095802264485E-002
  0.10361623635546933     
   2.6700538916702439E-002
   2.5731092401322680E-002
  0.18150511862606411     
   3.3976590847380285E-002
   2.2178783232748816E-003
   1.3952916273297771E-002
   6.7821579851576955E-002
   2.7368661184255544E-002
   7.2931793287816613E-002
   1.9705244656173450E-003
   1.7763928010578300E-002
   2.9114911836200810E-002
   3.0767735666701813E-002
   1.3457453782104629E-002
   5.2775876360863861E-003
   7.4453046402249187E-002
   3.0963464796908712E-002
   6.4248519116631597E-002
   5.5569901438856706E-002
   2.4706562382402101E-002
   2.2966491318734596E-002
   2.5805922941686283E-002
   3.0155339454890646E-002
   1.2007126525983493E-002
   4.5951687477483807E-002
   5.0979678271314187E-002
   1.4817160810742689E-002
   3.2892711759146633E-002
   2.7853294178768580E-002
   4.7468732733297041E-002
   9.0873335703048660E-002
   3.3463292761583233E-002
   3.2175514353706240E-002
   6.3329199937883621E-002
   2.6372541588558000E-002
   9.1339709864655172E-002
   9.7861685622328609E-002
   6.7584941633880555E-002
   2.8219633461308864E-002
   7.1082806742687576E-002
   6.7436088442261941E-002
   6.8548424973675262E-002
   5.7759298488494176E-002
   2.8301388721166967E-002
   5.1739486141802439E-002
   1.3096263827373130E-002
   6.0135037331890961E-002
   3.4852128250172511E-002
   3.5223198530093008E-002
   3.5673813494930866E-002
   2.9171672159147791E-002
   4.0937061604158671E-002
   3.2534758022991481E-002
   1.1099594216120213E-002
   4.9358073186734575E-002
   4.1002854255198222E-002
   6.6617074222416237E-002
   7.3739841454754068E-002
   2.8863185560852440E-002
   4.9483435583479458E-002
  0.17736869073410813     
  0.10013060005197222     
  0.10110319788688331     
  0.10639474260405352     
   1.0937825529651678E-002
   3.7402889566572235E-002
   1.5316779816580204E-002
   8.5718281599526325E-002
   5.5714953736926774E-002
   4.0018981006164418E-002
   1.4621462940063281E-002
  0.12629880541840452     
   3.0159834134305095E-002
  0.27160135028272681     
   3.3937049784257052E-002
   8.0834115222153516E-002
   4.6819063979713794E-003
   2.1285500907349167E-002
  0.11127588408755573     
   3.0039114008284871E-002
   5.8204531327738602E-003
   1.4879732113304343E-002
  0.15090200368076942     
   8.0724686960792408E-002
   2.0484388289722958E-003
   5.3985716234927220E-002
   4.0413696532683542E-002
   8.8547779564393900E-002
   7.6340011044245967E-002
   5.3608568677276834E-002
   1.4077298345008690E-002
   3.6006101758752025E-002
   2.5115285831817991E-002
   1.0939197063804487E-002
   2.1846272068281901E-002
   8.4494060943974214E-002
   5.1354656952677137E-002
   6.5449013565899661E-002
  0.31746915085511396     
   3.4890026221641036E-002
   4.1309583759332462E-002
  0.10341939376097488     
  0.11024063911284816     
   5.8062464666313963E-002
  0.11187215225150851     
  0.13265467400529857     
  0.22112887983705271     
   1.3931917361132716E-002
   2.2076238583670561E-002
   1.0397720580971709E-002
   6.3063791114754044E-003
   2.8676945628432277E-002
   1.9651608201484868E-002
   2.1207729094396385E-002
   1.3055687812016792E-002
   3.0714897493223380E-002
   1.7055764276393031E-002
   5.1980609681901477E-002
   6.8878326965526801E-002
   1.5449500308948851E-002
   3.7062283357191451E-002
   8.6656100425280842E-003
   2.7448989464120072E-002
  0.10478638513500073     
   3.7039116394794909E-002
  0.17360604229864415     
   1.7167126860358872E-002
   2.3599887629647164E-002
   4.8644629341380592E-002
   8.5265236160349152E-003
  0.15457700487671711     
   9.1453428570914319E-002
  0.20953975082502924     
  0.10160824901544341     
   8.8265785187320329E-003
   1.8092574326836072E-002
   5.4788192827275949E-002
  0.15350404870428017     
   9.1751776789539635E-002
   8.5555391823031485E-002
   3.6424585461865860E-002
   2.6016078882678498E-002
   4.6881583443244133E-002
   1.0868070689298211E-002
   8.9003531781318354E-002
   1.0667110957423474E-002
   2.9078680696108666E-002
   5.3230124318752459E-002
   6.3023878828434604E-002
   2.9747104548071852E-002
   8.8052757763719000E-002
   2.0240065930553833E-002
   2.1718568225413563E-002
   6.9489511302468832E-002
   1.4203269115720282E-002
   4.9827250190276250E-002
   9.3206854675713102E-002
   3.5276059363375620E-002
   9.2218014183408203E-003
   5.0870823469321716E-002
   9.0974681689588763E-002
   9.1088667675849028E-002
   2.6480264065482290E-002
   1.2014779883194148E-002
   6.0844752870650672E-002
   3.8736210582013646E-003
   3.3346061558999561E-003
   8.2047847667881951E-002
  0.10336795457682617     
   2.7046591742011777E-002
   4.9848383367695022E-003
   2.5853339659908690E-002
  0.30806943654867486     
   1.5330300003532407E-002
   1.1750659318574433E-002
   6.9952321224560396E-002
   2.1050872656526633E-002
   2.0950893079891099E-002
   4.6227329654114677E-002
   1.2485319923935098E-002
   1.7812173820104370E-002
   5.5290830862316674E-003
   7.4095275234277183E-002
   6.6418750110400172E-003
   3.4438729307546094E-002
   5.5675174297446554E-002
   5.5733982186510447E-002
   1.9959162889900885E-002
  0.11137276782430415     
   5.8148310722294407E-003
   9.1032281398454970E-002
   1.1695986761352193E-002
   3.0305694064138588E-002
  0.13508334652820392     
   8.4039655382317932E-002
  0.10332210180349179     
   1.3303517368212236E-002
  0.12496267618369628     
   2.0576113236955424E-002
   7.1521590390089484E-002
  0.13544615953119787     
   1.3794029823761721E-002
   2.9209773801937660E-002
  0.10848246089042944     
  0.15321343198607446     
   4.3420840282950034E-002
   3.1890752082979902E-002
   3.6754480305681528E-002
   1.0036538059851351E-002
   1.8212490840053306E-002
   8.8490229751494731E-002
   2.4821047868530927E-002
   1.3660359338602816E-002
   6.5198806778488799E-002
   5.8002731635516794E-002
   5.3746079300951426E-002
   3.1130815725001790E-002
  0.20772137638881802     
  0.11797812424310988     
  0.14257708404286823     
   2.6414778785060135E-002
   6.0555262345845191E-002
   9.0767900272621840E-002
   3.4304633155107664E-002
   2.5993175219221100E-002
   1.8567241302877204E-002
   1.1125842786466857E-002
   1.2768118311388537E-002
   1.2909499589724446E-003
  0.15455121459976631     
   4.6878082143013526E-002
   2.4258157929755022E-002
   1.5577065161448947E-002
   7.1944157106190509E-002
   1.8803235801692447E-002
   1.6916491481785177E-002
   6.2374370362180014E-002
   2.1915507341254206E-002
   2.2058452339848537E-002
   8.5440267168898548E-002
   1.3885650851216097E-003
  0.11036621551803695     
   5.7082441479417573E-003
   2.5628739237357718E-002
   8.4253230128264217E-002
   3.2726513929411907E-002
   5.4202975289985758E-002
   3.1399632907837018E-002
   6.6287591290186978E-002
  0.11019982447927029     
   7.5262945060591363E-002
   3.4836732299540082E-002
   3.1650307301215069E-002
   6.2481306733278029E-002
   5.9507971531113237E-002
   7.8926353973000421E-003
   2.8031745779042536E-002
   1.3422668007860482E-002
   3.0050117783358466E-002
   2.8454184713014599E-002
   3.8599230482360532E-002
   1.1172442004614570E-002
   8.8014208980067926E-002
   1.7654766718949066E-002
   9.8044631011162633E-002
  0.13957597822849174     
  0.10153855565048946     
   9.5222159655421773E-002
  0.18806892224209934     
   7.9618040141356525E-002
   8.3476369390852609E-002
   1.8377303347908807E-002
   4.0812325918268555E-002
   1.4971227767924093E-002
  0.11983679160007485     
  0.14792798202965127     
   9.6237733483167717E-003
   5.5070429689803588E-003
   6.4781111491601137E-002
   2.8899938106645703E-002
  0.11165426991329944     
   9.1681336850307618E-002
   5.9210906636231672E-002
   5.9186668858161713E-002
   3.9659280386804538E-002
   1.8171236766266339E-002
   8.2862566188079384E-002
  0.10091333024534331     
   4.8801409413507892E-002
   8.2779267296011136E-002
  0.11206054113204990     
   1.3809741967955282E-002
   5.6664453220547979E-002
  0.24192593619665342     
   1.1865847857727948E-002
   5.4041077201230338E-002
   4.2801688865272648E-003
   3.5165678940507566E-002
   6.9727199051133601E-002
   9.9474628483484373E-002
   3.1966166892868093E-003
   4.1408467334978279E-002
   2.6158992972728418E-002
   6.9687617175091074E-002
   1.3917250647883038E-002
   3.1113342181526209E-002
   6.1342201543185627E-002
   4.1743685585769269E-002
   3.6827852922021447E-002
   6.5082496632013806E-002
  0.16493733154126672     
   4.3881182284562781E-002
   4.0896988302878252E-002
  0.10287550480968043     
   6.7104027595262294E-002
   4.0478347497021748E-002
   8.8616642314628222E-002
   4.7704185333517377E-002
   2.1300872009243379E-002
  0.14220281605055957     
   7.8267036731466469E-003
   2.3984009555036483E-002
   7.9135355086029396E-002
   6.2600482178609765E-002
   8.2666921686565684E-002
   2.2585687942877682E-002
   4.5971435652970537E-002
   2.6503510733823541E-002
   7.6072488054830412E-002
   7.8823851698074862E-002
   1.1922579995647078E-002
   3.7456757353787652E-002
   9.7258556178323519E-002
   1.2877084280406662E-002
  0.68727820547842722     
   7.1067589960319656E-003
   1.8209573831129835E-002
  0.10134519932306579     
   7.6390560918490169E-002
   5.9326487658228608E-002
   7.4473952300071616E-002
   4.0854324228225110E-002
   6.5097803515856603E-002
   2.3333016085380590E-002
   1.4219020284193112E-002
   4.3174771099769325E-002
  0.12876129195280331     
   2.3335952485257380E-002
   1.9764768891401510E-002
   5.0632729802249123E-002
  0.12031843672633961     
   4.5485758450696433E-002
  0.20754151332762102     
   2.8193159223605772E-002
   3.4910511785130445E-002
   8.2447244192508665E-002
   5.6379117411646675E-002
   3.9569442993484952E-003
   1.1234488035247719E-002
   4.1484072444534732E-002
  0.17818842327237072     
   2.7185227322112586E-002
   2.6371638590500374E-002
   4.7067102951962730E-002
   3.5417974122056363E-002
  0.13078944291265210     
  0.15059854722940214     
   2.8099940553874495E-002
   4.5266502633331367E-002
   2.2260089692789017E-003
   3.6457585114665174E-002
   3.2027652630991103E-002
  0.39203022337687976     
   8.7070396802685600E-003
  0.10263066456367156     
   2.6818726718530919E-003
   1.0456363554268650E-002
   2.8872989824882490E-002
   2.5417296104414074E-002
   1.7217098215874405E-002
   7.3535986510350995E-002
  0.10044731253633626     
   2.4376152402920816E-003
  0.14296100251970315     
   4.1306291899165980E-002
   3.2345204409331041E-003
   6.5712684921798950E-002
   4.1226942155998335E-002
   2.7381127541691471E-002
   4.0620871543457018E-002
   6.6079009816743348E-002
   5.1593130368569381E-003
   7.0738716208683119E-002
   2.2355847130750634E-002
   6.0610442842815707E-002
   7.6830250461418998E-003
   4.0506574986605759E-002
   7.7285313089624691E-002
   9.6454208303065656E-002
  0.45237643574712588     
  0.12063704539065212     
   5.9494874760313732E-002
   2.6774646288552856E-003
   9.1717339635041986E-002
   4.6471698727663664E-002
   3.4888581188452492E-002
   4.1053063157135035E-002
   9.3810272767975864E-002
   5.2646519657998471E-002
   1.7420635965775748E-002
  0.13116017888626624     
  0.17599945775689727     
   2.7978795647218609E-002
  0.16362472783407575     
  0.11614283361389248     
  0.15256538994916810     
   6.9248963899580546E-002
   5.1767317924519531E-002
   1.3911219434183835E-002
   2.6077826411346681E-002
   8.7229968559301277E-002
   6.8101561776134903E-003
   8.0060374472153750E-002
   3.5439560291911504E-002
   3.8146095451511410E-002
   3.8745424151980776E-002
   5.3308711533459799E-002
  0.11454269067817309     
   1.1738813527559131E-002
   3.4510766937711046E-002
   1.9052631974193976E-002
   4.1308932258362227E-002
  0.12457317687408444     
   9.8839656999755617E-003
   3.0735564925159498E-002
   2.4938210585480680E-002
   4.9550819960284466E-002
   9.0834157863014395E-002
   7.8961851741432942E-002
   4.3383484187312783E-002
   3.1200377335005965E-002
   1.2525631356860939E-002
  0.15034911550925942     
   4.9078409543400973E-002
   9.0312864804328527E-003
  0.15920619118945750     
   2.2266261695043876E-002
   1.1041685125941496E-002
   3.5320039445604585E-002
   5.8994982653939626E-002
   2.7814496775207177E-002
   9.3022447906024892E-003
  0.32539358669406082     
   4.4384462053837524E-002
   4.0207536075382758E-002
   2.2694067654090787E-002
   3.4101362380133511E-002
   3.2609578246999289E-002
   6.7831156320175265E-002
  0.23006700798768490     
   1.8445442326552569E-002
  0.13633574321838071     
   3.9165603968169489E-002
   1.7687720029666610E-002
   3.9519470973489373E-002
   2.6531366712695487E-002
   5.6649152547226848E-002
   9.3084703913732650E-002
   5.0420129976676631E-003
   4.4035070105917978E-002
   9.6982112004907348E-002
   5.6715279326327493E-002
   3.7489113668638142E-002
   2.2543571954506188E-002
   9.5008952247847139E-002
   9.7915274101799867E-003
   2.4160965120902780E-002
   9.9819321390633903E-002
   6.8505631680311249E-002
   9.9514393558017250E-002
   2.0475335888411324E-002
   1.6879261687659068E-002
   3.8626210287194256E-002
   3.6700587392767860E-002
   2.0312892889297759E-002
   6.7992267271869050E-002
   6.3682858461390893E-002
   1.3011398954821059E-002
  0.11468849367443192     
   8.3381623701520455E-002
   2.2493261635638778E-002
   6.6462382254296778E-002
   3.5490629508598444E-002
   1.4553482450605703E-002
   2.4395203551208170E-002
   8.4781837982677771E-002
   9.4797127678942036E-002
   2.1907504300306919E-002
   2.0384488230176606E-002
   4.3379636498901440E-002
   5.8200552441359257E-002
   7.4443026153448832E-002
   9.5702258836749377E-002
   3.2121881827044153E-002
   3.6521554491200231E-002
   2.5318786507347622E-002
   3.2313567029589305E-002
   9.9517697688171772E-002
  0.22425657379417127     
  0.13984812401684960     
  0.15736699688842709     
   4.2342290327514196E-003
   1.4439341625583291E-002
   3.9895623796352406E-002
   3.8572891328377545E-002
   9.4259280851438476E-002
   4.1504100538286674E-002
   6.1762006682657633E-002
   6.2359851422775061E-003
   3.8665422254708474E-002
   9.6758432902287306E-002
   4.2362408400717859E-002
   3.6440554036266032E-002
   8.4408942053069824E-003
   2.4971510609944250E-002
   3.5611500682346676E-002
   3.7358506457952016E-002
   4.4269379859814675E-002
   3.9398387268304212E-002
   7.1542006570307168E-002
   4.2089314776103080E-002
  0.15264656787133657     
   2.0170614503965026E-002
   4.1650862334140313E-003
   4.4741479936639773E-002
   2.4898197394814883E-002
   2.8051207227967428E-002
   4.4937173053510596E-002
   7.7649657337177408E-002
  0.10556356758938570     
   4.1994551667132028E-002
   7.8897679009746022E-002
   7.0061234352756283E-002
   5.8651400571843565E-002
  0.19318510044054271     
   4.9421765326479884E-002
   6.3365297433232978E-002
  0.13408483666515814     
   1.0036226203432161E-002
   7.2544155241675526E-002
   3.1242795400392754E-002
   9.7668089213513651E-003
   9.7059019014497594E-002
   2.0096287776715176E-002
   4.3958873354305646E-003
   7.3773901842374007E-002
   7.2903888994788682E-002
   1.1921107206241569E-002
   2.3503695630326463E-002
   1.1074235132458799E-002
   2.0382695272388510E-002
   3.7336553846871796E-002
   5.7166934661364931E-002
  0.12221638158693904     
   1.3153889516111036E-002
  0.12276954121976381     
   2.2433463125816896E-002
   3.7194714007286876E-002
   6.8683718676940689E-002
   4.6300823720280014E-002
   4.3925429229053729E-002
   9.2194097445856160E-002
   3.3311494188355502E-002
   7.5243028692904598E-002
   8.1454842012259984E-002
   1.1243138212482845E-003
  0.32149012127910148     
   5.0119112601232599E-002
   1.4740504156759088E-002
   9.0565912854497180E-002
   8.8106960241866022E-003
   1.1579799164461276E-002
  0.22153636714961070     
   4.4933716842913064E-002
  0.17845652996363404     
  0.11485080291284548     
   3.0503609581544446E-002
   1.1758920168005621E-002
   5.0172858350410514E-002
   3.4430348090018742E-002
   2.4278134442665307E-002
   5.7233552895687483E-002
   7.8963057758297997E-002
   2.5547312230320775E-002
   6.7220149699865839E-002
   6.1387207657345969E-002
   6.3371793899670015E-002
   7.4709880758762573E-002
  0.15990123208547277     
   2.9591003634394316E-002
   3.9572669057880705E-002
   6.5372119651957605E-002
   5.0087780809976576E-003
   7.4990601795761003E-002
   4.4697159897000967E-002
   3.7611225360681855E-003
  0.24327997473973184     
   4.9907054314849826E-002
   1.6331570878199655E-002
   8.5087007098306897E-002
   3.8072503624254385E-002
   3.8016597471939167E-002
   5.5695143076953328E-002
   1.9789551440727034E-002
   1.9836459958889670E-002
   5.2664793812682111E-002
  0.35872643344039029     
   2.8349238156538559E-002
   2.7667485345882238E-002
  0.13020855649837398     
   5.3084104587351501E-002
   7.0164933161893039E-002
  0.11976669549091831     
   6.7176773264503997E-002
   2.7314773558078036E-002
   7.4600587230169929E-003
   1.8513842740173588E-002
   4.1329236232191882E-002
   5.8004591264887599E-002
   4.2321862311294825E-002
   4.7621677099543160E-002
   2.6985674312882159E-002
   8.9363771537574438E-002
   6.5991657991271132E-003
   4.6926423218211423E-002
   5.2491703097236005E-002
   6.8162393464878138E-002
   9.6921154226848993E-002
   1.8427753216210964E-002
   5.0639985722926127E-002
   6.1962752280486040E-002
   5.6849573915756249E-002
   1.4689562976385191E-002
   8.9151227368771735E-002
  0.20285329734586596     
   5.6222482818982046E-002
   8.3603930533995383E-002
   4.9922771194228319E-002
   1.6932353614443299E-002
  0.12892209518459671     
   5.2595971020554459E-002
   6.1108862281350235E-002
   1.6498930079812964E-002
  0.11048351768162432     
  0.10270683583149602     
   1.1612752270074597E-002
   2.5124184382707977E-002
   8.9720243060823796E-002
  0.29064414188777554     
   8.4514747260026335E-003
   5.8502697921260921E-003
   3.4735995983738367E-002
   1.2824367243427653E-002
   5.6289648576507929E-002
   9.6245761039908964E-002
  0.21016751552247043     
   5.0251687081594330E-003
   5.1395154619639602E-002
   4.4279988927105600E-002
   1.7327991026322681E-002
   2.4302326713819915E-002
   2.3199424490993138E-002
   4.3230436294099867E-002
   9.8802575388631853E-002
   3.5770452373447469E-002
   5.1383859309776660E-002
   1.1571097979731108E-002
   4.3394193344540422E-002
   4.9119936723494420E-002
   6.4555561061766548E-002
   5.3595693219105671E-002
   1.4836718278044161E-002
  0.11802748392366624     
   8.4345486145887237E-003
   9.0294553007817802E-003
   8.4686929699691216E-002
  0.10936005979569770     
   3.5616403031954139E-002
   1.1210330369445633E-002
   4.4268246563099356E-002
   8.8976875894742569E-002
   4.2927543069811919E-002
   5.8898288312250378E-002
  0.11572927358213428     
  0.13620517289407444     
   1.0519930587946445E-002
   7.7118137621428773E-002
   2.2510238844764309E-002
   7.8732252175427425E-002
   1.8420101259519400E-002
   3.9745237422542767E-002
   3.1684901340557133E-002
   4.7163933261145138E-002
   2.8435410284376191E-002
   1.0211812742723590E-002
   6.4892369146347620E-002
  0.14003929209676752     
  0.20559806122638788     
  0.16919743039229743     
   3.6507179058137530E-002
   8.9588876822367117E-002
   3.0940685126071614E-002
   2.8513973656336924E-002
   4.6201536999142326E-002
  0.11347825873361433     
   3.9230945792207678E-002
  0.13176261488677585     
   1.6210445701103575E-002
  0.14939856406692992     
   8.0215742060533890E-002
   1.1305719030012819E-002
  0.10924224514356613     
   2.3741910462761365E-002
   6.6839632327138188E-002
   6.3501498280401331E-002
   6.3533189748899349E-002
   1.2575314319849764E-002
   6.8315456751153872E-002
  0.10607827638926301     
   2.2188131740089483E-002
   4.0104734411258169E-002
   1.8842130159194278E-002
  0.11509850897453318     
   3.7982173592988971E-002
   2.1947058757360535E-003
   5.0778405037734585E-002
   3.0254758537318065E-002
   3.4106799803357638E-002
   2.9789241576168086E-002
   3.7034487123688439E-002
   1.4687394223142705E-002
   9.7016195386752137E-003
   2.2602125253337060E-002
   5.5673243112851691E-002
   6.0122932582488665E-002
  0.16751019474228254     
   8.9254281672637867E-002
   2.8057739490216775E-002
   2.6248463458524718E-002
   3.6418960286954155E-002
   8.4131919441752662E-003
   1.7930040621697261E-002
   2.9072734931352703E-002
   2.2624646114260905E-002
   3.7846628150421378E-003
  0.10120364044626570     
   7.9137840237359980E-002
   4.1885114907875394E-002
   6.2423505527033747E-002
   1.9465355991112696E-002
   2.2301120751772346E-002
   1.0873787211795034E-002
  0.14760427982712790     
   4.9208232256740203E-002
   5.9903708946793997E-002
   6.2845018063535429E-002
   3.0260209455914792E-002
   6.4775241696125974E-002
   3.6052532071336234E-002
   5.1032270878808954E-002
   5.8079761612474497E-003
   1.0295987669808146E-002
   2.2848089183195811E-002
   4.6015848686323545E-002
   3.2706073497085146E-002
   4.4273274848074327E-002
  0.10502955177438816     
   1.4581613459793022E-002
   6.5785095892848894E-002
   1.6204210649256534E-002
  0.12684676277275680     
   9.4994874291168541E-002
   4.7799945926178374E-002
   3.4276673763733674E-002
   9.5925420545429796E-002
   1.9024226055827279E-002
   3.2081347617941458E-002
   4.6844607266093130E-002
  0.21351530151185064     
   4.9252023520609714E-002
   3.8176710870667430E-002
   4.6645531937215226E-002
   2.8780839905115433E-002
   1.6068668974186438E-002
   6.2509394969864615E-002
   1.2492411339846006E-002
  0.10634266792244315     
   6.7084255964032766E-002
  0.10980825197486990     
   2.6366501363272545E-002
  0.13978012861923117     
   4.6420293844430319E-002
   3.0676665125159526E-003
   4.3149394197873121E-002
   5.8753648619606028E-003
   3.0439067441043730E-002
  0.11495469693151904     
   4.5778796833450187E-002
  0.25224632801124380     
   1.8603201792805280E-002
   2.0435164048785346E-002
   3.8660931811756893E-002
   2.0052233084186619E-002
   7.4504492521158651E-003
   8.8207763445706563E-002
   1.9545020169675804E-002
  0.20818921172439864     
  0.18568044988283056     
  0.18099151117284332     
   5.8965262123291992E-002
   8.8605943277241424E-003
   6.7448689667115357E-003
  0.10688961001355504     
   2.1636231030323184E-002
   6.4191248276144669E-002
   2.3867075287762673E-002
   6.0322655836728488E-002
   4.9772609177383631E-002
   3.4265298572551131E-002
   4.7502238477239590E-002
   1.2690605701418253E-003
   1.5668706488885829E-002
   2.1749146921180292E-002
   3.6958144131487840E-002
   7.5209509524453294E-002
   5.5612702148534345E-002
   7.2392001711065995E-002
  0.13208995422571912     
   8.7736134732512822E-002
  0.11508571664834190     
   7.6494022088574656E-002
  0.33773310680099938     
   1.3052149125215382E-002
   5.3211815117596969E-002
   4.9257668376783616E-002
   1.7304177907762602E-002
   2.6521435264131889E-002
   7.6149668475787372E-002
  0.11755011587445842     
   1.6151022318390208E-002
  0.12711535827717699     
  0.11607797334360410     
   5.8345410698723028E-003
   4.4712432825338468E-002
   6.0901044258657742E-002
  0.16163657285871211     
   5.8344823237156413E-003
   1.2582636917027320E-002
   4.0245460393806734E-002
  0.31407745454882330     
   1.6807805020305537E-002
   2.4574832294499749E-002
   4.2241565631573663E-002
   1.7643686194843859E-002
  0.10211902833572374     
   5.5392018360740966E-002
   5.4300117352924560E-002
   2.3868266280074369E-002
   2.7591236505760851E-002
   8.8856389470289374E-003
   6.0898831218937577E-002
   6.0836115779719091E-002
   1.1813018083528677E-002
   2.5607161933803975E-002
   1.4537736459964760E-002
   2.7901363704213158E-002
   4.5852105685695796E-002
   1.8733801236152335E-002
   8.0408207317236108E-002
  0.14639701160122764     
   2.6243954403350707E-002
   4.5046017068216301E-002
   1.4618962319091985E-002
  0.15504973501810695     
   6.5544342974550820E-002
   8.0561541464891126E-002
  0.12478306624320909     
   2.2460471776375234E-002
   4.9846320809236760E-002
   3.2629863210391852E-002
   4.6455721394901221E-002
   2.3657008159801703E-002
   1.6029420910617716E-002
   1.5555901375276057E-002
   5.6383422971533564E-002
   6.1348239035656359E-002
   4.9895559675447954E-002
   8.3991915039063350E-002
  0.16421118854825129     
   6.8755166206789398E-002
   6.8325757141874083E-002
   3.4975555143623133E-002
   4.7119100494425900E-002
   2.2090176769458614E-002
  0.20754864484952884     
   1.2892718922654844E-002
   8.0631184232220210E-002
   1.6744810376988380E-002
   4.8495877128929575E-002
   4.3453240220169685E-002
  0.17304833004327302     
   4.8667275715084571E-002
  0.14573679031913250     
   3.5795155841142672E-002
   5.2172811008866893E-002
   1.4669237955240638E-002
   4.5077158213282828E-002
   1.3910046069980735E-002
   3.6674703392775010E-002
   7.6041309293685758E-002
   1.4082641789044920E-002
  0.15642833985875623     
   4.7091605386263828E-002
   1.8268977572143814E-002
   1.1761758805020310E-002
   2.8651339051651625E-002
   3.6729297024723419E-002
   1.8768329541006559E-002
   2.6989640825327465E-002
   4.4784701585961414E-002
   1.7372692658858088E-002
   3.1962999332601320E-002
   8.3581380269894312E-002
   5.6720442468910337E-002
   1.8922113340741641E-002
   2.8815689591719373E-003
   7.4488020512835207E-002
   3.3749541654230393E-002
   2.5510751228596692E-002
  0.11392861280158637     
   5.0447649460170038E-002
   4.8493559742522459E-002
  0.10953039298967927     
   5.7648482052390718E-002
   4.1661486818292737E-002
   7.6662422284699633E-002
   2.6069754321457285E-002
   2.8780505075763518E-002
   4.4722925879622358E-002
  0.11656355663059183     
   4.4820072390881177E-002
   9.4357809244642789E-003
   5.0613994624333851E-002
   8.2304942874424025E-002
  0.10818274367097655     
   1.2557174363628680E-002
   4.6754373090184528E-002
  0.12352607138808282     
   3.7958074635786820E-002
   5.6867281781412461E-002
  0.31509111053203376     
   6.6102939976457151E-002
   1.8871067754637511E-002
   2.5717514217671295E-002
   3.2105013081131131E-002
  0.15249529411473292     
   1.0821740527304833E-002
   1.4151189674024392E-002
  0.12610395980426434     
   5.6140385884206688E-002
   6.4127539199260994E-002
   7.5278219980451574E-002
   2.8388078303938382E-002
   1.8666547135299968E-002
   1.7216273555179989E-002
   8.0495095939756289E-002
   3.8125001761924585E-002
   5.4376206987873633E-002
   2.7403958565261708E-002
   2.8120321719557174E-002
   3.8395901538277329E-002
  0.17995083237011164     
   6.1039423793763897E-002
   1.3836839120813266E-002
   6.7166422337427908E-002
   8.5290813278588368E-002
   2.7485958266628575E-002
  0.12423032552736184     
   1.0132585336938168E-002
   6.6954510766796538E-002
   1.8068031148185601E-002
   9.5830470811328575E-002
  0.11919056874149996     
   2.5629448089700343E-002
   1.5143958215980583E-002
   6.4270319989601282E-002
   6.6401833349753844E-002
   9.8873488654982550E-002
   1.3377677971129183E-002
   1.5341682485866696E-002
   6.8595205326097183E-002
   7.0313826400050725E-002
   6.7751799685806940E-002
  0.12655929579714886     
   1.9794127945502574E-002
   4.7598367436472319E-002
   5.6136207085050259E-002
   2.7604568299270552E-002
  0.43143609934908111     
  0.22477899698468704     
   5.3299494908843066E-002
   3.7114118413535832E-002
   5.3640329250468476E-003
  0.11565351258684194     
   4.2337718328924787E-002
   3.5867061593367049E-002
   2.8459989013465799E-002
   2.5885904478688965E-002
   3.5561370011081762E-002
  0.31458463013897514     
   3.0693077965545913E-002
   2.8506126210742756E-002
   3.0801116282019203E-002
   3.4048526696009399E-002
   2.7221028490018860E-002
   1.9014340835778784E-002
   5.4308293029550252E-002
   1.6996405104856265E-002
   1.9170871195771100E-002
   9.1553970681614028E-002
   7.3100603495010949E-002
   7.0783739979901159E-002
  0.16082091090068468     
   5.0946749757297780E-002
   8.9958683965078931E-003
   2.3737134260188180E-002
   5.0950769707941657E-002
   3.7660659615876113E-002
   8.3740732034202001E-002
   8.6548926277200903E-003
   4.1207631830694681E-002
   1.8913121242386945E-002
   1.1502497497734026E-002
   5.6185268713499451E-002
   7.6148602787369055E-002
   4.7335008870121015E-002
   1.9367370137743901E-002
   1.5179112374062705E-003
   7.3185311232208075E-002
  0.12865987202225496     
  0.10684307152312758     
   1.3108748476499694E-002
   7.1166456645253742E-002
   7.0388415158686374E-003
   6.0600698061050035E-002
   1.9046487376738537E-002
   4.3680477335494114E-002
   7.3340709968680626E-002
   1.7398442046535238E-002
  0.11183078130046095     
   9.3521600271981989E-002
   3.0752915476104335E-002
  0.10428626556793311     
   8.8791453529235606E-002
   3.6152454495790499E-002
   4.7505058000938179E-003
  0.11400291405755027     
   7.7568122995118824E-002
   9.3641622734346366E-003
   1.4181501960210917E-002
   6.4203066160561692E-002
   1.2566383780912667E-002
  0.27884127646726869     
   5.4107021000564547E-002
   6.7567320496489516E-002
   5.2907755979640272E-002
   9.4328430364769650E-002
   5.7373771733532863E-002
   9.0449543146251046E-002
   3.2601621133425046E-002
   1.5298653959090950E-002
   5.9149828857018111E-002
  0.10550202569375491     
   4.0468307450783891E-002
   3.4528998188412846E-002
   1.8026065040860406E-002
  0.11078257975720049     
   5.8398342938684566E-002
   3.4310820149858101E-003
   1.8437706695403681E-002
   1.3423732755371585E-002
   4.9288921274189684E-002
   2.5824654193654095E-002
   4.5695638441939579E-002
  0.21723544845497486     
   5.3657951167904373E-002
   9.2899559016238961E-002
   7.7510580283368727E-002
   6.3476785317964315E-002
   9.6779300117706427E-002
   2.9237886162919866E-002
   2.8674176921667988E-002
   1.5183685239929235E-003
   5.4912076070849141E-003
   1.7772971316925217E-002
   8.7752352631100178E-002
   2.3054740515928096E-002
   1.1521280481939958E-002
   3.5543608940862115E-002
   3.3455689847743719E-002
   6.4342458413316581E-002
  0.16250909967892765     
   7.9766483696536911E-002
   5.9674121882060310E-002
   3.1043224659557018E-002
   7.1278794411147164E-002
   3.4428404946328381E-003
   1.3577085523720960E-002
   2.2898292899156840E-002
   1.5319474025785719E-002
  0.10270614524397710     
   1.1063341423717553E-002
  0.10159594289732361     
  0.10983724468311697     
   4.6509018419445408E-002
   7.7924688252917360E-002
   5.5134489408516507E-002
   4.1788026190079869E-003
   1.9825454272245403E-002
   7.3241552522431946E-002
   7.0373174265166349E-003
   4.2511413337226328E-002
   7.8610047119035027E-003
   8.4614488035258759E-003
   7.5894974305811894E-002
   3.5093153931913798E-002
  0.10495494011498310     
   1.9386886342417906E-002
   2.9921131690048400E-002
   1.3738154993375587E-002
   1.4513170261066279E-002
  0.13694790099260382     
   5.7810595973661096E-002
   3.7676374834411476E-002
   3.7724528438517750E-002
   5.5570017463523955E-002
   4.8304748954793586E-002
   2.2790551112873703E-002
   3.1143946102721403E-002
   7.9475749187074129E-003
   2.7649437232761104E-002
   3.5072191513264872E-003
   3.8527830642014760E-002
   9.9139255026556919E-003
   2.2569328756111489E-002
   6.4301845887012057E-002
   5.2166691917520977E-002
   2.7954951334781548E-002
   2.7299040443324898E-002
   9.9900226396347949E-002
   4.5587711093772985E-002
   1.5345434286521766E-002
   5.6626116949524876E-003
   7.6152075071450484E-002
   2.0082351999833881E-002
  0.10372497134903910     
   9.7003888279292658E-003
   2.2511686019119261E-002
   2.7877941668723656E-002
   1.7884370109002370E-002
   1.6423286312672404E-002
   7.3776478126662673E-002
   9.5969202074147834E-003
   2.6951104127471745E-002
  0.14765565792280635     
   2.3409455119195399E-002
   2.0698813180486914E-002
   5.1724005381423903E-002
  0.18186676998174173     
   6.4592107652395703E-002
  0.17714361017950256     
   2.1492678047859193E-002
   3.0573172374451077E-002
   4.5170855526895259E-002
   6.4662093177661778E-002
   6.2844847594961478E-002
   2.5258884068294834E-002
   1.2395613627401336E-003
  0.10620677298482498     
   1.7147917842450202E-002
  0.60433003667239216     
  0.26001307234918986     
   1.2874189801384299E-002
   6.4139419667877437E-002
   6.3368927019833137E-003
   4.4295649191754841E-002
  0.23912605709768125     
   8.5964106148885416E-003
   8.5300274616562616E-002
   9.3081238127440374E-002
   2.4436109997291657E-002
   6.4562378755294178E-002
   2.9654757024305950E-002
  0.10258207797013016     
   8.6000118120575855E-002
   2.8591799702757652E-002
   1.2004009920910112E-002
   5.5701525276888063E-002
   5.0957381875084425E-002
   2.1187662227376811E-002
   2.2441184520067221E-002
   7.0139204488959092E-002
   3.4667087838064020E-002
   3.4920353918489189E-002
   2.2553022933104280E-002
  0.15022516759355775     
   4.5959953815543519E-002
   4.3388446913097192E-002
   5.0379970104721516E-003
   2.0149675518351170E-002
   4.0932589886739236E-002
   3.7080089937856144E-002
   4.9470184111931027E-002
   1.0633051526018766E-002
   8.4976853558581866E-002
   1.7328801686965822E-002
   5.7345162702892943E-002
   2.4024568741735943E-002
   6.4180861961611949E-002
  0.13404585699204596     
   5.1263103218964464E-003
   1.5187937095817530E-002
   4.9542420292819529E-002
   8.3021955931547514E-002
  0.35039607681659179     
   6.3157446045361467E-003
   7.0686568166624372E-002
   3.9899088674182480E-002
   1.8861906881155972E-002
   2.8321598982067025E-002
   1.2914509267372735E-003
   5.1483962905928056E-002
   5.5291255495956261E-003
   6.0237348676936116E-003
   1.4972383713325817E-002
  0.10525828127489409     
   6.4656170914498866E-003
   1.1084015870166929E-002
  0.10299367445645330     
   1.0983012677485766E-002
   6.0950842339001516E-003
   3.6068220730878044E-002
   3.8698997285936440E-002
  0.10265943803305498     
   8.0073536129743134E-002
   4.6764731109951829E-002
   1.1162892178292338E-002
   1.0952721220744692E-002
   9.4684649291528991E-002
   8.0795519915964287E-002
  0.25497454449927742     
   4.3423499032633536E-003
   2.0200245242888083E-002
   2.6417353268862496E-002
   6.9656679458663773E-002
   3.9441226535027893E-002
   5.1861508176711903E-002
   3.2252602963853703E-002
   6.3087828392734552E-002
   4.3493214788605843E-002
  0.21369596106915775     
   2.0245126413574868E-002
   4.8330877899514728E-002
   3.8741929470100987E-002
   5.9817347480144958E-002
  0.13989815608982800     
   7.9953509858967639E-002
   4.4827262540417079E-002
  0.15789462029963683     
   3.2859793819287942E-003
   5.1716435526358850E-002
   8.7311556343126068E-003
   7.5383424274461000E-002
   6.8976338836278336E-002
   4.2602136623954207E-002
   1.3399870232918923E-002
   5.0763784847498460E-002
   3.6488583344775838E-002
   7.2832884234376380E-002
   4.4172333247221626E-002
   9.5561137469320628E-002
   6.6709758865918581E-002
  0.16872743155117939     
   2.8076283065418775E-002
  0.22019958614052931     
   8.9473659067530312E-002
   4.2615443868754543E-002
   7.5690261892982516E-002
   2.5227774666374034E-002
   6.4077007583997508E-002
   3.6975415098693058E-002
   3.3179518843136732E-002
  0.18622193277809207     
  0.14528377148305177     
   3.2754426916904465E-002
   9.0122248318128054E-003
   3.1733120422370087E-002
   6.2526247802229028E-003
  0.10475790510001895     
   5.7375876319059431E-002
   3.5500492505047186E-002
   3.3334564009336307E-002
   7.3298895450976245E-002
   1.6301818979185333E-002
   2.8479763218524699E-003
   2.5727120963595345E-002
   8.9435828419504482E-002
   1.0793556006080701E-002
   3.9041745051963075E-002
   9.9103134443833171E-003
   8.6975425693391242E-002
   5.2631113540848951E-003
  0.12028967406158772     
  0.12927341199784498     
  0.23719912705367596     
   7.0110722921536528E-002
  0.11248800754896464     
   2.5616167821449896E-002
   6.8584386482528820E-002
   5.6920389692073019E-002
   1.7636334220529588E-002
   2.6484302990527515E-002
   4.4604686053876665E-002
   9.7090426604492255E-002
   3.4746117885687003E-002
   1.1516227974882947E-002
  0.26652737218918343     
   1.4123285188061500E-002
   6.5704015683153746E-002
   7.9577974654135245E-003
   8.9828552141346663E-002
  0.39830036785825229     
   4.9164003188899921E-002
   3.0737244481225376E-002
   1.6646779412954536E-002
  0.12405185306054436     
   3.2787943108905419E-002
   4.1930598444386805E-002
   4.4663312331600966E-002
   5.3318010198533626E-003
   1.3199823592557301E-002
   1.5638677033230935E-002
   2.7765517987824544E-002
   2.3438456542314995E-002
   9.2801983590184059E-002
   2.0677088668471181E-002
   4.1763036486987495E-002
   8.6365521961941898E-003
   5.6556311052649230E-002
  0.17255845480332035     
   2.3915863534146806E-002
   7.8727262138124601E-002
   4.2972845309340965E-002
   6.6779036127074497E-003
  0.10199674418081947     
  0.13823422879920208     
  0.10697986305655421     
   3.8654015602278456E-002
   5.6474370953033315E-002
   2.8371707646414970E-002
   8.7593443078633378E-003
   5.8084884492854399E-002
   7.0343141886839836E-002
   9.0142400927164620E-002
   2.7217406003365096E-002
   3.8550836459945634E-003
   5.1484310689471596E-002
   1.3749718840758991E-002
  0.14355819627227689     
  0.23833024211248705     
   3.5185152905622186E-002
   3.8120979173734269E-002
   1.5610357607366301E-002
   4.7562774173687913E-002
   7.6421754054134039E-002
   2.0246926884477143E-002
   6.2583983577425298E-002
   2.2691269664085776E-002
   1.3552851847642888E-002
   3.0318641250954736E-002
   4.8415540389408582E-002
   2.4782041669397240E-002
   4.0107107214105549E-002
  0.12061181216137158     
   8.6860429770791281E-002
   6.9132545867425607E-002
   6.2864536757465020E-002
   2.0527181848921671E-002
   7.1285968670219246E-002
   3.6424476041427505E-002
   1.9529305054408856E-002
   6.8665208890614199E-002
  0.14207022171288122     
   5.1791810394609644E-002
   8.3193740489567432E-004
   6.4347829197060225E-002
   3.0149017602482064E-002
  0.41712937388934990     
   3.6487417887348925E-002
   8.9896673543133299E-002
   1.1769508271182224E-002
   2.7795686894076977E-003
   5.7055707720387823E-002
   1.0716699231859514E-002
   4.2138404244550745E-002
   2.5031849070159030E-002
   2.0099022885588867E-002
  0.15335900965295210     
   1.4757392475104767E-002
   5.1051126051125495E-002
   4.8051056158130413E-002
   8.8615763276629247E-002
   3.1815089734712469E-002
   5.4447560352727546E-003
   2.8060467447423507E-002
   2.5952323120002382E-002
  0.11588737028107311     
  0.10968508213597333     
   1.5466285044070282E-002
  0.11148858245140340     
   2.5822950289391904E-002
   3.5143420061347658E-002
   5.2563458084838866E-002
   5.4527832279024170E-002
   2.1131214475704711E-002
   2.3929965425424495E-002
   2.8067473955207253E-002
   8.5180882655350162E-002
  0.12833234136484506     
   2.0494257386569101E-002
   8.5235388359987709E-003
   5.5165056369325643E-002
   8.5279533941533800E-002
   1.4940995071387948E-002
   1.5988501367567326E-002
   1.5945247864672749E-002
   3.4678306268426461E-002
   4.3827202949299872E-003
   3.0400229254050923E-002
   4.3272926050147757E-002
   1.4534501433769678E-002
   7.6178297530370614E-002
  0.32879572001385349     
   2.4295446476017411E-002
   5.0320818342039844E-002
   2.7306041292158148E-002
   2.6129119039403965E-002
   2.4111610239648040E-002
   5.9057215309118540E-002
   3.3583081917035212E-002
   8.0411409783821150E-002
   3.7600306723119155E-002
  0.16686611680202629     
   5.8058244050044693E-002
   6.6771639913286426E-002
   5.0003044761256832E-002
   4.5314410683769367E-002
   1.5580830441468095E-002
   9.5177706805570861E-002
   5.7590902278841810E-002
   4.0172293113509595E-002
   6.4058628919643770E-002
   5.2453138953068586E-002
  0.11396660549920204     
   4.8329503495358091E-003
   7.0021939593430407E-002
   9.3255992373780724E-002
   5.1375363978472088E-002
   3.1840370575249438E-002
   3.0021468357177519E-002
   3.4843647209669933E-002
   2.6493084527415452E-002
  0.13790418742995714     
   7.8987469335385863E-002
   5.8357995243059742E-002
   3.4636842502258687E-002
  0.39571468381209074     
   1.9070569214855046E-002
   2.1810457026039266E-002
   3.2099032321581386E-002
   1.6566544212455812E-002
   3.5041753169389574E-002
  0.51612519996558104     
   1.3606044418479098E-002
   3.3420898614506415E-002
   1.7662528308809138E-002
   4.3988939432577867E-002
   2.0589022305224344E-002
   2.3895464920365230E-002
   2.0060093738780000E-002
   6.0456300097362012E-002
   3.1814562999142149E-002
   2.5486295615458277E-002
   2.1244801623695644E-002
   2.0719721738762264E-003
   2.5242351954192662E-002
  0.22069164635215610     
   1.9189240761438721E-002
   7.8079019920576295E-002
   4.5779652233863467E-002
  0.10186661461091795     
   9.9746344542584311E-002
   1.9348276676168709E-002
   7.9975280145366409E-002
   4.8862901009578172E-002
   4.8271508868783342E-002
   5.4288604408139117E-002
   1.7397482936641891E-002
   5.6015815506863430E-002
   6.4183083220058210E-002
   3.4393539853991406E-002
   5.3302090337459383E-002
  0.12859511045218544     
   3.6480178123418153E-002
   1.0729094533543151     
   4.9242115634120752E-002
   7.2534500151194567E-003
   5.9712287863500968E-002
   3.8493787815357268E-003
   1.1274119464230669E-003
   4.9179694513516163E-002
   1.8823272901164447E-002
   3.7356388095781297E-002
   1.3699726086471390E-002
   2.0008847454852451E-002
   1.0124820186555764E-002
  0.12794635511677105     
   7.5467674163870943E-002
   3.9330894911825377E-002
   3.6366800351909111E-002
   6.1639425954544871E-002
   2.1906361804144341E-002
   5.7071411901396744E-002
   1.0511351238303135E-002
   1.8369737540105281E-002
   7.1437640929809934E-002
  0.24110266847042941     
   5.4533700395255319E-002
   7.1940954567754220E-002
   1.8288712026799714E-002
   1.4073481879484515E-002
   3.2846356351682281E-002
   2.7226560626322418E-002
   3.2943310234589081E-002
   2.2903164416008457E-002
   1.9842960211160363E-002
  0.10245917186394334     
   2.0690061103187721E-002
   4.2429869962162456E-002
   4.9067097507048817E-002
   7.5549273353916757E-002
   4.9082830960173129E-002
   4.9001466468595337E-002
   8.7720105198797874E-002
   1.1923801810344373E-002
   4.4831929467802629E-002
   3.8802718284640519E-002
   6.8685062893282814E-002
   2.9159970401706484E-002
   7.2151943841029312E-002
   9.4474359857509835E-002
   3.7496700095061689E-003
  0.13825741123400828     
   1.7834023386104631E-003
  0.11201133645694263     
   1.0894323650610093E-002
   9.9838749403924301E-002
   2.9468260674528554E-002
   4.8835537626060665E-003
   3.6361914004466645E-003
   7.2540163463831450E-002
   1.7401849085294820E-003
  0.15434707141615917     
  0.12995884470797220     
   2.4890449360639139E-002
   7.1832050324144164E-002
   7.4187058695153615E-002
   6.5181304663180978E-002
  0.11093601646417067     
  0.10183496611956021     
  0.85306433362824252     
   5.3853601973483231E-003
   1.3622953741639332E-002
   4.0006120517986972E-002
   4.1349166809906218E-002
   4.1007751148569707E-002
   2.5495981097885669E-002
   9.2398556603406845E-002
   9.3456183693138434E-002
   3.4761255705430434E-003
   2.3142161816775132E-002
   5.5281488152304020E-002
   3.7535768441555040E-002
   5.5286497202712136E-002
   4.0478979006610634E-002
   2.6543223278221124E-002
  0.16832231096108557     
   5.3935035404325659E-003
   4.7430614859164048E-002
   1.2712926382443479E-002
   1.5776802682036753E-002
   7.7754830209398218E-002
   3.3307667925569856E-002
   8.4128866776094921E-002
   3.2563586141424496E-002
   7.6271367996763220E-002
   3.3535269699498105E-002
  0.10564937589182180     
   1.0445347768697689E-002
   1.4203461062768610E-002
   6.9753407845328796E-002
   3.5762889118790969E-003
   6.5136093024433309E-002
   1.6278324551262741E-002
   2.1848236242550816E-002
  0.13691668653511818     
   5.1072905526463083E-002
   6.7452738815643232E-002
   3.9530390216238359E-002
   3.8610977742933254E-002
   1.9716015696535482E-002
   4.4598720158712579E-002
   5.5517325152111954E-002
   6.6954378742432472E-002
   9.4849763396078479E-003
   1.2043379290699638E-002
   4.3265147153910555E-002
   5.7720287996149269E-002
   2.2391654567023085E-002
  0.37055694381931797     
   4.5879873511897075E-002
   5.1012953618428968E-002
   1.9004697015531528E-002
   1.9469560211915656E-002
   3.1339869987993339E-002
   2.3033261461811949E-002
   8.9913032562407402E-002
   5.1801582531368601E-002
   3.4463124965120717E-002
   1.6183042519286778E-002
   5.2453675955963834E-002
   1.8525230799641131E-002
   5.4467211580428332E-002
  0.12976785481177830     
   7.0228385832931228E-002
   8.8935534789821977E-004
   3.8473190674290086E-002
   6.6862829855446670E-002
   1.5923194647312872E-002
   2.3485129808446668E-002
   4.5310113852628044E-002
   1.9778881891064793E-002
   1.6469143241738878E-002
  0.12678067049511968     
   1.3090143895838185E-002
   2.7829193290599425E-002
   2.6293330686649279E-002
  0.12591993425867753     
   2.6930433015744659E-002
   3.7530273857379053E-002
  0.11189937030910561     
   1.5985891313286947E-002
   2.0614521214398870E-002
   2.5468274302466145E-002
   3.5203876038388711E-002
   3.0079860761624985E-002
  0.10194289428592962     
  0.11735561224112546     
   3.0727644921845682E-002
   3.7042464480998141E-002
   3.9625503030947314E-002
   2.9569725026871281E-002
   9.4581297947887846E-002
   2.4816060422430435E-002
  0.12140426503673493     
   4.7156159357572398E-002
   3.3204704141823402E-002
   1.6849399707876814E-002
   7.0891591592442474E-002
   3.0786863517123581E-002
   4.1590222647813785E-002
   5.4954220868477913E-002
   2.4944241654012007E-002
   2.2272592077266722E-002
   7.2277824088440870E-002
   3.2759544251128848E-002
   7.4658742761164243E-002
   3.7413692031891231E-002
   2.4274827999361332E-002
   3.2797730507783799E-003
   6.4095596900093657E-002
  0.12069989002444043     
   6.4715098954021791E-002
   4.4973121659594564E-002
  0.24999619752857055     
   4.7123297795493062E-002
   2.3336292200095521E-003
   1.6196846064550019E-002
   1.8476680824223671E-002
  0.19216621265543321     
   1.4859029048453761E-002
   3.1155364398720350E-002
  0.15766372681204976     
   1.9817353700212752E-002
  0.10039602934704944     
   3.7991272678856844E-003
   2.3874149825929493E-003
  0.20973291872319358     
   2.0247257014949664E-002
   2.2403847275504975E-003
   6.0732821677518305E-002
   1.1368120847411810E-002
   5.4926325805558347E-002
   3.8497123991656033E-003
   1.8902183470568136E-003
   8.1481329169918709E-002
   2.5669311933984165E-002
  0.13604781750357420     
   5.7389170171687008E-002
   5.0669358248863483E-002
   1.1779812302014784E-002
   2.2021474057233040E-002
   2.0145787304463914E-002
   3.5592403553252334E-002
  0.14054681101256677     
   2.3495262054893093E-002
  0.28924439069789420     
   5.8341454124645878E-002
   8.7561743302167788E-002
   9.9937305692555378E-002
   1.1870851071567221E-003
   2.0317141659777705E-002
   2.2058897702836616E-002
   9.1371061750481174E-003
  0.13428716574459659     
   1.6047234154329775E-002
   4.3490628371954429E-002
   5.5679417853499204E-003
   9.7888658898726364E-003
   3.3904825885685663E-002
   6.1820941114826632E-002
  0.11821841261750285     
   4.1809750740198937E-002
  0.24699044198921677     
   6.6641332550649274E-002
   9.5926584286163408E-003
   2.2356496086575858E-002
   1.7958746444591115E-002
   9.5252458842962854E-003
   7.2009833632971393E-002
   5.5234764354589801E-002
  0.11711042480378239     
   9.2189116858719614E-003
   8.2141992829431396E-002
   3.6568605174582283E-002
   2.9072680359982127E-002
   2.9098706155241329E-002
   3.4358220152445454E-002
   3.0075377180068107E-002
   5.2967314071368052E-002
   5.9621381068314480E-002
   1.6396489266753699E-002
   1.7178121474224151E-002
   5.0819138380613187E-002
   1.2346036391300707E-002
   8.0736157565360539E-002
   4.1143133921209434E-002
   1.4186921825501752E-002
  0.17521210049637650     
   4.3480750508154073E-002
   2.1595714365435382E-002
   9.1081907676636348E-002
   1.4420987867750394E-002
   4.7098127442575521E-002
  0.17268070797518198     
   4.8032664940062773E-002
   4.0442409105437727E-002
   2.8888738729009131E-002
   2.1053037792515002E-002
   3.2774515344456995E-002
   8.4294533062677091E-003
   1.1204070287893461E-002
   5.1533037302925078E-002
   8.4475419448982268E-003
  0.13353741668315602     
   2.5711133772019595E-002
  0.46165279133628195     
   3.3800438847650882E-002
   6.2707540021582880E-002
  0.16307399319053151     
   2.0150083515386063E-002
   7.2688795382327087E-002
   2.5429142642541671E-002
   9.9630569731429128E-002
   5.7174614811503481E-002
   1.2401971471830536E-002
   1.6870109285534288E-002
  0.17307211616738108     
   4.3589319096054457E-002
   9.8650247926876117E-003
   9.5737339982586336E-002
  0.10079483380647125     
   3.4152553989582057E-002
   2.4117187403878058E-002
   6.2194416840013979E-004
  0.13298727975577046     
  0.10106319676353501     
   2.2728604934929689E-002
   8.5079833506939484E-002
   3.4559646236235621E-002
   8.4258514766835546E-002
   2.9572542595054194E-002
   2.0427672863502840E-002
   3.0892930531989864E-002
  0.11608825025978481     
   6.9839520621285262E-002
   6.8056442074954246E-002
   7.9130197556978324E-002
   7.0262775709582184E-002
   3.4853819483282436E-002
   8.5616610366065812E-002
   1.3887346400151993E-002
   4.0509659038459329E-002
   1.1173775817945424E-002
   5.6489339356595843E-002
   5.3291880850913603E-002
   3.9544911881317722E-002
   2.4668844557112719E-002
   3.1987981083379156E-002
   2.6249127971543166E-002
   3.0439989887061825E-003
   1.3270689153611393E-002
   4.4125612740304576E-002
   2.7990806508843408E-002
   7.5134002108159820E-002
   6.7415466153923270E-002
   5.4312571853095425E-002
   2.5078471810118207E-002
   1.7478679736298647E-002
   1.8495323652577379E-002
  0.14252219758131277     
  0.11953441003098671     
