   4.9048330771397114E-002
   7.2768396125983667E-002
   3.2911607229941284E-002
  0.10115862951380472     
   9.3190034740297592E-002
   2.8116325432329763E-002
   1.3002852597695336E-002
   4.1761499166420551E-002
   3.6119430538811559E-002
   5.9541382245405445E-003
   2.2459775364181655E-002
   2.1935916011226176E-002
   3.2740904802931903E-002
   1.8235809183538156E-002
   5.9038188118867220E-002
   3.6495012221344464E-002
   2.0635629255665512E-002
   6.7008692552780164E-002
   7.0770116418790857E-003
   5.6866519041752141E-002
   5.5943957054327378E-002
   4.0563120100852605E-002
   1.8484861983392671E-002
   1.8807080347850651E-002
   2.9233300933965867E-002
   3.0265807302552267E-002
  0.21469038086524139     
   7.8006885848998009E-002
   2.4555850383717229E-002
   2.6208809040069368E-002
  0.10026101239685394     
   1.3015253477166581E-002
  0.15480538067920252     
   2.9727360934839395E-002
   2.8062155879565601E-003
   5.7388139227072740E-002
   3.8310737693946710E-002
   6.5402856223631747E-003
   1.9598251547616172E-002
   7.5695840967464054E-002
   3.3256203525079762E-002
   3.2955623278087168E-002
   2.6977724904214333E-002
   2.3852450859116782E-002
   6.8406018982453826E-002
  0.29613785824150285     
   3.3363894206094771E-002
   5.8752366094281680E-002
   8.4720201555466869E-003
   6.0957249532735003E-003
   9.9300982916485049E-004
   3.1996180889773546E-002
   3.7104262628061720E-002
   4.1913941535512374E-002
   5.8585387467955267E-002
   8.8799382185628020E-003
   2.6901783147860073E-002
   7.8997571006046235E-002
   1.8137980970042343E-002
   1.2050350370896206E-003
   9.4635924422690171E-002
   5.0872878189685528E-002
   9.6678986117351415E-002
   3.2419464338204355E-002
   1.2463990328404458E-002
  0.11970289109978441     
   6.5514557097822640E-002
   3.2869694079616173E-002
   8.8578941525450539E-002
   9.6480556982871030E-002
   9.6778226794606681E-002
   2.1660714448636941E-002
   1.6935829997055734E-003
   3.2533497426062853E-002
   1.9872049382341491E-002
   8.3263552196362681E-002
   6.9267632214586761E-002
   4.0120711370822196E-002
   6.1218949784572166E-002
   1.7084432331797923E-003
   2.0506432332486633E-002
   2.1948937221505323E-002
   3.2954203770500144E-002
   3.8590908472397385E-002
   5.2149713993626161E-002
   2.8113877150109896E-002
   7.8254178262649896E-002
  0.12045091547365584     
   2.7023689374740263E-002
   4.1196824493337059E-002
   1.4136444208727431E-002
   5.0281384530814481E-002
   1.8240731977284073E-002
   9.2775885714438556E-003
   1.2760583472790403E-002
  0.20292465933534215     
   5.0941149139659803E-002
   4.9231300589803441E-002
   5.4095173367537885E-002
   6.3496976089356033E-002
   6.4248816237180983E-002
   5.4675165200890441E-002
   3.5592517679333191E-002
   9.4057303247393909E-003
   3.7280965214674278E-002
   4.7726241153509610E-002
   6.6924417837489147E-002
   3.1444872767733230E-002
   2.4207776038644220E-002
   2.3589579871660857E-002
   3.7787301975161586E-002
   5.9161895448249999E-002
   3.4195431592853841E-002
   1.8840972058305153E-002
   6.7886489802262737E-002
   6.8093019968232440E-003
   4.0494653762874873E-002
   5.3313407909779661E-002
   3.7954674490851242E-002
   3.9941075501731392E-002
  0.10557783490089140     
   3.1937125756193209E-002
   3.1163888442738333E-002
   1.1522099676804228E-002
   1.3785386918698071E-002
   7.8171184741809466E-002
   2.9396079405339073E-002
   7.0199416349702393E-002
   5.9328482354539337E-002
   4.6918753839580857E-002
   2.7204098885490698E-002
   3.1877544657846875E-002
  0.10001479234282629     
   1.4339168099891525E-002
   3.7037162778273486E-002
   2.8644992179319234E-002
  0.11883858112656563     
   4.0905621734232504E-002
   7.0372818544203922E-002
   2.6570830199616913E-002
   2.6044052245394946E-002
   3.2190299810009218E-002
   5.4338540361814153E-002
   6.1373197599200839E-002
   1.0035605414063759E-002
  0.12879047331798107     
  0.10694497856563207     
   7.6058128455334703E-002
   3.8665704217811549E-002
   8.0912100969514761E-002
   5.9351912188021411E-002
   4.0789844236585493E-002
   2.4454996212636125E-003
   6.3935857641386373E-002
   4.2925306065674677E-002
   5.6295708311415268E-002
   3.7721118729402573E-003
   2.0208231146004715E-002
   6.6926308272360860E-002
   3.7667765258992507E-002
   1.2479648294632424E-002
   5.6311289339646672E-002
   7.3290465722704534E-002
   4.9042479837659901E-003
   6.1533528105427093E-003
   5.0034811432261898E-002
   9.4447885816403440E-002
   8.8729917385832538E-002
   6.9033154906664243E-002
   1.4919682201091931E-002
   8.8502358956531659E-003
   2.2483146908044344E-002
   6.0223284219104660E-002
   1.2165524811622665E-002
   9.0415181886291759E-002
   6.4108122079576564E-003
   8.3375767602541645E-002
  0.14981742457907971     
   7.8693256190935562E-002
  0.22574835369176610     
  0.10437858042317105     
  0.17406030990952640     
   2.6942379396354674E-002
   1.5109701860959817E-002
   4.7314824843094037E-002
   2.6786678137924201E-002
   5.5637886585248396E-002
   2.8614968178852736E-002
   3.3362200863432841E-002
  0.10257095963326879     
   6.1081827386850925E-002
   5.8174546366009598E-002
   2.1936782857875457E-002
  0.26996688124809198     
   2.5724600493486349E-003
   6.8822868888730293E-002
   3.8358582184303415E-002
   1.4877740746082222E-002
   2.8257566196093788E-002
   2.8572423232709657E-002
  0.57883778874516034     
   4.2723552134065430E-002
   6.1043473967709184E-002
   2.2546117700774106E-002
   8.8738512790998980E-002
   8.9652222620914976E-002
   2.1960320648529083E-002
   3.6440567642806593E-002
   9.6638978635164904E-003
   3.6179564391678506E-002
   7.3137926091962043E-003
   3.2975787911060192E-002
   6.1547673664343890E-002
  0.13415237233148622     
   1.6919125004864245E-002
   4.6204908383614497E-002
   4.0256280285806911E-002
   4.0657099530066888E-002
   3.6851054676672566E-002
   4.4586411714845455E-003
  0.11209674675564481     
   1.1892819732667962E-002
   4.3755090437325873E-002
   2.7776132109953784E-002
   2.7653499453090806E-002
   1.5911928642579735E-003
   5.9475357228075620E-002
   2.5658505165968758E-002
   6.3314769653832099E-003
  0.11446898100925006     
   3.6580651253904140E-002
   6.8934393810185485E-002
  0.11591637054396786     
   2.1366234912539615E-002
   9.1942055923296725E-002
   6.3066269306046766E-002
   7.1661936874117871E-002
   5.1365458951877514E-003
  0.10446818119909811     
   2.8874845721357605E-002
   3.2226952336174834E-002
   5.5279037070118581E-002
   4.1906059389780828E-003
   1.9051777298087682E-002
   3.6248888573341062E-002
   3.1316614443714801E-003
   4.0627258820413806E-002
   6.9306345985891546E-003
   7.7929995679556677E-002
   1.0448893974162090E-002
   7.3045624873772641E-002
   5.6614894801592312E-002
   8.7327060674478277E-002
   6.3146875277259221E-002
   8.1992459411809671E-004
   3.4437663184217197E-002
   8.6480458137138758E-003
   7.2060732093171223E-002
   3.9146445208943531E-002
  0.10174242453865209     
   9.9920152645316132E-002
   1.8823087882503944E-002
   3.2122187688253513E-002
  0.13248909298443523     
   2.0225463419044964E-002
   5.5558471654583906E-002
   7.0875525893210820E-002
   6.7046972785634637E-002
   2.4092761774299004E-002
   3.8608132423967900E-003
   4.3274005932825155E-002
  0.11460342528433795     
   9.3914244005850966E-002
   1.2202920796476818E-002
   6.3526042823706413E-002
   2.8431063753564880E-002
   8.1569348975438091E-002
   2.5773410543909032E-002
   1.7181288353970484E-003
   8.1483868986072881E-003
   5.6344504989780586E-003
   4.9742226198698059E-002
   1.4670456910413326E-002
   3.7564561394806496E-002
   7.0518310723559088E-002
   6.0284071848958003E-002
   2.3429912312376646E-002
   6.4512988099764565E-002
   3.5587375373961797E-002
   5.9286024176996840E-002
   2.8344376123369829E-002
   7.8971261727222533E-002
   1.9111869644333198E-002
   5.1068017129873230E-002
   2.3388527627226378E-002
   5.3508645558532665E-002
   2.6728321429836690E-002
   6.0697699235491481E-002
   8.1823066781446283E-002
  0.15803540914546954     
   7.6492347091403956E-002
   4.3242227698097414E-002
   4.5419186923110783E-002
  0.15699982509329696     
   3.2753080576840898E-002
   4.7664048121624301E-002
   3.5650132388899865E-002
   2.6878286179988632E-003
   1.0733323083781695E-002
   1.0327338888597482E-002
   2.8858845637111680E-002
   2.0200253029714677E-002
   6.5770478090249121E-002
   3.4555838334386788E-002
  0.16572763121698075     
   1.8417311345754632E-002
   3.5363079527072953E-002
  0.48001267790626756     
   9.5633284117720208E-002
   6.1883103515666628E-003
   1.4367788439001748E-002
   5.2785077127760267E-002
   4.5031659925760921E-002
   2.2665641640842425E-002
   3.7019509964973843E-002
   5.6948760594062973E-002
   5.7283973312472314E-002
   1.2203450252102314E-002
   5.1480688991495806E-002
   2.8962594605295794E-002
   3.8995148683408962E-002
   3.4829661410283833E-002
   7.0044812329137590E-002
   3.8443030004272905E-002
   5.7455132344153968E-002
   1.2718885668745515E-002
   5.8229455419169629E-002
   5.5456834939060118E-002
   2.5765565134613800E-002
   2.1296848987940580E-002
   3.1406877731433365E-002
  0.15782345963936784     
   1.4898037036444519E-002
   2.9612703631983199E-002
   5.5750676145649131E-002
   4.5322275578723432E-002
   2.5361116788723614E-002
   5.3987208634423023E-002
  0.10926318951175268     
   3.9166427944053582E-002
  0.10199784655217994     
   6.3963774939260224E-003
  0.13085983617619878     
   5.9105140960494934E-002
   5.3529376541127917E-002
   1.9963773106545558E-002
   4.4666160001933734E-002
   7.2919815698955989E-002
   4.8540576446720766E-002
   8.1474572615743313E-002
   3.3170250167867586E-002
   3.7511343060931374E-002
   5.7593606041851840E-002
   4.4859403697851394E-002
   3.0605397109441729E-002
   9.2236890444117772E-002
  0.24547884264248451     
   5.1434951144542586E-002
   4.5795278208469120E-003
   2.6389990007919542E-002
   6.8953743409313858E-002
   8.6822566278295290E-003
   5.9371276603008116E-002
   1.5444509011900020E-002
   6.9928703844505266E-002
   3.5339007242449962E-002
   6.1015303790331675E-002
   5.0760171637978697E-002
   4.5217698855134575E-002
   1.6284393636689213E-002
   4.7901280364200313E-002
   4.1914663978566767E-002
   3.1509195952648596E-002
   1.4435115589406294E-003
   2.2675102020846525E-002
  0.11420013437784413     
   1.6847476705233944E-002
   6.5541779889855850E-002
   2.5522699448180829E-002
  0.18032871286917709     
   1.3480901949784546E-002
   7.4272291894589254E-002
   4.4894798877041127E-002
   8.0507750689156082E-002
   9.7883661217993509E-002
   1.4753579544436884E-002
   5.7860638545353747E-002
   2.0052680581381693E-003
   2.5582286271320726E-002
   2.0421355664223800E-002
   7.7615807238418794E-002
   9.6251461643466381E-003
   5.7787377113232549E-002
   2.3032399850436969E-002
   4.8601285152116050E-002
   9.0583526102817169E-002
   1.0939796642522327E-002
   5.9691446455928006E-003
   2.5055009033671364E-002
   7.1521090561532316E-002
   3.8142458968553339E-003
   7.5127059097466822E-002
  0.14333643264239693     
   4.5214519317383552E-002
   3.6844989907182053E-002
   4.3084441890486831E-002
   4.2898525930736064E-002
   8.3187415949485654E-003
   5.5251632486940025E-002
   1.0460324882823984E-002
   2.5083185775351433E-002
   3.8857665193343355E-002
   2.5953511670074675E-002
   2.3910601313635434E-002
   5.9647261825658861E-002
   2.9985498372061350E-002
   2.6959255725745025E-002
   2.2116278916292791E-002
   1.6789783252513214E-002
   8.4791013428568415E-002
   7.7680906567521107E-002
   3.0752269690546889E-002
  0.23918116845083692     
   5.3605008718555225E-002
   2.8287213346368210E-002
   6.9980455952346711E-003
   6.8790102941313797E-002
   1.8481903013835212E-002
  0.11747330648713990     
   7.7563913791207861E-002
   6.6889116785052577E-002
   5.4984554775538839E-002
   1.3950903397915909E-002
   2.9109711876380118E-002
   3.2129575423988220E-002
   7.4447855321987888E-002
   4.0087609930617947E-002
   5.8900728239350081E-002
   5.8163714311290610E-002
   5.8929995356957358E-002
   3.3208855976734120E-002
   2.4057080573605123E-002
   1.3913205846378958E-002
   5.9200012382385543E-002
   3.1766068626521591E-003
   3.2199707063786574E-002
  0.10406914954731104     
   7.9511634875169934E-002
   3.7970445105257214E-003
   3.0728041348950835E-002
   2.3597054189390586E-002
   5.4079229176298885E-002
   5.6052439578719922E-002
   7.9156862770706979E-003
  0.10466422691361053     
   7.8839350603148936E-002
   7.9738299822193048E-002
   3.8582878783956838E-002
   3.9965047205003656E-002
   3.5124206947618024E-002
   4.1566133861999796E-002
   1.1971333069927243E-002
   2.1307907540181796E-002
   6.8508044257187877E-003
   1.6105067992080856E-002
  0.15745351187920689     
   4.3336186890993549E-002
  0.25587600174939201     
   7.0778021188370441E-002
   5.2154091267006444E-002
  0.10510038163504329     
   2.1032922608113291E-002
   1.7403305350716474E-002
  0.17713852902022381     
   3.3449442761247443E-002
   4.4974104120879002E-002
   3.0424171980871412E-002
   4.1651664973115447E-002
  0.24207482087690335     
   3.5668291754436539E-002
  0.19515949023023960     
   5.0037833859207258E-002
   7.0909632831474112E-002
   8.4071361136540429E-002
   1.1457994908666126E-002
   1.6886784603535664E-002
   6.3045335141003953E-002
   4.4130405916991793E-002
   8.3803952502703824E-002
   1.7897251957366786E-002
   7.8667777690482905E-003
   1.6305049924988265E-002
   7.1400855704157398E-002
  0.11221147210776232     
   1.3521130531465055E-002
   1.7800993274787777E-002
   1.5276544435137287E-002
   5.3627395041223630E-002
   4.5969772313198293E-002
   5.9040814322674261E-003
   1.4315794526056981E-002
   7.5890204085276552E-002
   3.4297594783881447E-002
   4.2181297445684912E-003
   2.8232613831468054E-002
   8.6030167521739628E-002
  0.47814227712503593     
   1.9797823172269094E-002
   3.0214742113784585E-002
   7.9057560184016773E-002
   5.7286486191076312E-002
   3.5625968074955806E-002
   3.7050170137666621E-002
   3.2131764297158999E-002
   1.0232496164095634E-002
   4.1527346262064606E-002
   1.5924521228527926E-002
   9.2097191999252898E-003
   8.5445610305795866E-002
  0.20885234517436288     
   4.1156942265538829E-002
   4.4121252349416801E-002
   6.7897276924083708E-003
   3.8334774434180055E-002
   1.0589073532895706E-002
   1.4638560078978883E-002
   5.9501249054028274E-002
   7.0980858312042303E-002
   5.3802677799501021E-002
   3.3997363267121113E-002
  0.10927913238845467     
  0.13555336774533505     
   8.6229627451724883E-002
   8.4884360487261779E-003
   5.6969494707595859E-002
  0.70798383597154624     
   1.5017390660490723E-002
   4.3623757812956243E-002
   6.4157860141701661E-002
   4.2421782824116912E-002
   2.7820083184179618E-002
   3.6004623811589871E-002
   4.2891362740667169E-002
   4.1201514830590237E-002
   1.1572703766996149E-002
   4.6601343972876352E-002
   2.4540151048283044E-002
  0.10683118316143919     
   5.5832794704370539E-002
   4.8778635395095027E-002
   3.1309800053985253E-002
  0.12282051650145898     
  0.12019930876214081     
   5.4619768969310966E-003
   5.5790429643327706E-002
  0.16034321764789614     
   6.9830551668154384E-002
   5.0604492785712864E-002
   1.8957553206995076E-002
   1.0304830107145830E-002
   4.6651211720069835E-002
   4.0203705713057827E-002
   1.5418888173109610E-003
   8.0635763107368738E-002
   9.6633355048294553E-002
   5.6872684691695319E-003
   6.0934230045192120E-002
   5.4971754949656795E-002
  0.11615067640491071     
   2.9641771276809670E-002
   5.7510932044834026E-002
   7.4022364415478673E-002
   4.3049887648397039E-002
   3.3365690114938075E-004
   2.7826888348523399E-002
   9.5268355088635459E-002
   1.5809436647899956E-002
   4.8692779766640971E-002
   2.7399515441163300E-002
  0.13952338090176505     
   6.9519675273564105E-002
   8.4514895411008109E-002
   5.3520947196591409E-002
   8.4185463514353936E-003
   3.6374353958430278E-002
   2.4603295986059068E-002
   7.1076002289651979E-003
   3.3238797938962353E-002
  0.52028394850050508     
   6.6199541327569555E-002
   8.0676982575344780E-002
   9.3969165612495215E-002
   4.4206776239190018E-002
   7.3404620733874895E-002
   4.0264349885138398E-002
  0.14333062249381651     
   2.8054460327474204E-002
   8.0373107705827181E-003
   7.2121622942277711E-002
   3.6931574465047794E-002
   5.7855539082642404E-002
   5.4902976339628651E-002
  0.21677252201056396     
   5.9602506546067033E-003
  0.16163874976540898     
   1.2170888508637248E-003
   4.0455104872259950E-002
   4.0564572891213478E-002
   6.6759249397335347E-003
   1.1746545700468267E-002
   5.9083999977329882E-002
   2.8747210701502102E-002
   2.2595562186472067E-002
   2.9024055398815370E-002
   2.2659666094465777E-002
   9.9745055597859192E-002
   7.7714189224696029E-002
   1.7653422831704638E-002
   8.7421710075468052E-003
   9.3779804166940622E-002
   3.0626918543877401E-002
   1.1770213516531623E-002
   6.0097432478870567E-002
   6.2524224059720190E-002
   4.3465772201492807E-003
   6.8901669291509633E-003
   3.3847847090012782E-002
   5.7792496769204421E-002
   3.8601870533595803E-002
   2.0651045429983261E-002
   4.7423642619423514E-002
  0.11340338663785156     
   2.0164313096027561E-002
  0.19060490317001447     
   9.6797636394195655E-002
   1.4135737858265211E-002
   2.1057405544254667E-002
   2.9030585231577407E-003
   5.6073171569176981E-002
   3.7555525394629745E-002
   3.8103058869202504E-002
  0.11333835685321690     
   6.0598026887215675E-002
   9.4112679846000066E-002
  0.11817675727498728     
   3.5048420581874195E-003
   1.4262647785411120E-002
   1.4758932233874474E-002
   1.0130528206833779E-002
   3.1924065363518071E-002
   1.9385719519323316E-002
   3.9823538647588532E-003
   1.5242132311975107E-002
   8.0039414782688521E-003
  0.10285474692112626     
   5.1881045944187097E-002
   6.9662019806747993E-002
  0.11038330139161184     
   1.9217961372816839E-002
   3.7583763970857317E-002
   2.4311316179012693E-002
  0.26260491632325761     
   1.6805470899023667E-002
   2.6307603502671702E-002
   1.2690982644391745E-002
  0.11509966757145411     
   1.2684548620027583E-002
  0.44504378652677257     
   1.4706450868313922E-002
   5.6557792154932972E-002
   3.8308960029631606E-002
   1.8868115021021339E-002
   8.6767800138779064E-002
   2.2139041934030258E-002
   5.9914630555188461E-002
   2.7853903655383852E-003
   5.2239372456838644E-003
   1.3628885425603841E-002
   4.4276143980070223E-002
   3.5672785850145702E-002
   6.8187114143725578E-003
   8.0218790107939669E-002
   1.3666811941828800E-002
  0.12694174786829440     
   8.8936111299134563E-002
   2.9535063480731153E-002
   5.4142127021797583E-002
   4.4470407411682386E-002
  0.10105063295055748     
   2.4664882181888212E-002
   8.9851231695119119E-002
   1.1306836898477717E-002
   5.7295594607222004E-003
   4.2454529030751698E-002
   4.7669392747320877E-002
   1.6398854508369091E-002
  0.12487321951362025     
   3.5076114457659923E-004
  0.10266081251632801     
   2.3602305167030366E-002
   4.5290335782457954E-002
   3.2291243071405656E-002
   3.6545597895867719E-002
   4.7775493039862466E-003
  0.10426830959059614     
   5.3641653509783997E-002
   3.6403913535603863E-002
   1.3103974327614966E-002
   3.4545362867043967E-002
   6.9390812743431410E-002
  0.12040207776996663     
   5.9580767874443462E-002
   6.9166500793830105E-002
   9.3835894330141903E-002
   5.2957583187112259E-002
   2.1565592063084893E-002
   5.1599673328439177E-002
   1.9164508879603519E-002
   1.8244827071629534E-002
   6.7480688440804501E-002
   1.0181542131308790E-002
   3.1308396585373807E-002
   6.4503569797781934E-002
   3.4858989960043767E-002
   3.4932283855092228E-002
   9.5011991156635195E-002
   1.4705231854994722E-002
   3.6070666089264042E-002
   6.2203778534408588E-002
  0.40362456945444170     
   3.4965161284868679E-002
   1.0172105124283974E-002
   2.0963288888800113E-002
   4.4116141800845957E-002
   9.9262246801950279E-003
   7.8091692760001469E-002
   1.5886263344589969E-002
   5.6996951540504999E-002
  0.10963232416526532     
   8.3128616690328769E-002
   5.7866743450233155E-002
   1.7393575468755227E-002
  0.14001391400789359     
   9.7227895033486899E-003
   6.1085112884917268E-002
   7.7960010899011528E-002
   1.1444556176726621E-002
   5.8107441941515438E-002
   2.3870215612612152E-002
   3.2852999946531777E-002
   2.3989713741674579E-002
  0.26183076892902263     
   2.7907421627835785E-002
   3.8022742438137358E-002
   7.5283012159524709E-002
   9.5967861560402237E-003
   5.7972263055435626E-003
   3.1956207892801312E-002
   1.3342681658712805E-002
   8.8279003004381948E-002
   3.3454581692839276E-002
   6.0989510570674872E-002
   6.6617927235416916E-002
   3.2290947206304522E-002
  0.23488938479044966     
   5.3887167719621633E-002
   3.1042968880125664E-002
   4.6883712306387958E-002
   3.6444410985629463E-002
   3.1969395757721949E-003
   1.7200369098394761E-002
   3.1141540422685632E-002
   1.5109759420746365E-002
   7.9736334577682560E-002
   4.7580922063073114E-002
   3.4531486301021326E-002
   2.1815795289195181E-002
   4.0710833844645647E-002
   1.1731993653212433E-002
   4.5563795609997078E-002
   1.6981617289825033E-002
   6.4897523136028049E-002
   4.0034435740638051E-002
   1.4215292152821746E-002
   4.8343373380331390E-003
   2.2265430125568624E-002
   6.2744524946394052E-004
  0.11505443930816393     
   7.8602648851240492E-002
   4.2222506587158884E-002
   6.1063520569772010E-002
   1.9114715604115887E-002
  0.18310929467193715     
   7.4783592493544826E-002
   1.1363617189683164E-002
   2.8196369480643437E-002
   6.6556627707191729E-002
   1.0977847503922535E-002
   4.7125190837664616E-002
   9.1519112298646399E-002
   1.2327448323302065E-002
   5.3616053722340011E-002
   5.6541820770513963E-003
   5.5521056124032886E-003
   2.2629516327271875E-003
   5.4683008541017021E-002
   7.0121339980291256E-002
   6.6700345855006449E-002
   3.1426749448089229E-002
   2.5586582679364523E-002
   7.0962115686479064E-003
   7.5140286813650009E-002
   5.2089108620247251E-002
   3.4018713109435279E-002
   2.1580650425299219E-002
   6.3130497548893411E-002
   5.4301631221274696E-002
   3.1591567392228466E-002
   3.3967638621642676E-002
   2.3935691395627390E-002
   5.6527750995654352E-002
   2.5740307423774036E-003
   4.7685598243441443E-002
  0.11657608855745497     
   1.6699129444109472E-003
   9.8096851028907792E-002
   4.6391881722814676E-003
   9.0482037048191348E-003
   2.2362451780045874E-002
   1.0139535058491741E-002
   2.0209550585534232E-002
   5.4268120968669675E-002
   2.2647845532185022E-002
   8.0671129820789597E-002
   1.1363113812686695E-002
   4.3902367395889243E-002
   4.1639569649373584E-002
   9.2561437524568468E-002
   1.9079600691589003E-002
  0.26562019989995711     
   9.0095346116862030E-003
   9.9460861452185818E-003
   7.9029402520063019E-003
   9.6398766547435046E-003
   9.7128168084981120E-002
   2.1773817318261574E-002
   2.0915715609087285E-002
   7.9845551089539238E-002
   4.3123542626525031E-003
   3.4334629563451034E-002
  0.14793691376231552     
   2.1010860747954274E-002
   2.9243373432839361E-002
   2.5912605949983458E-002
   7.8842568046579263E-003
   1.3250111976671900E-002
   4.3000959209296183E-002
   2.9954491685625636E-002
   4.8309244797952011E-002
   6.9328446984637812E-003
   3.2806651323458162E-002
   1.5419682311752142E-002
   7.0434613887318323E-002
   8.3032316395461991E-002
   3.6543998575319203E-002
   1.2841456083487798E-002
   5.3160079390107480E-002
   5.1119931657669558E-002
   5.9839165821367918E-002
   7.3963367806384626E-003
   5.4754685566817320E-002
   3.4200509482256940E-002
   5.0115237303587433E-002
   2.0056300128476673E-002
   3.8411444163268200E-002
   2.3769825155507230E-002
   4.1356810610374904E-002
  0.17941326176422609     
   2.6293725041024049E-002
   3.3500162154616583E-002
   4.3424543737244907E-002
   3.0482639634251643E-002
   1.3150994151355018E-002
   5.7689617431371187E-002
   1.1745041849429495E-002
   3.4448433166220191E-002
   9.2136856597782105E-003
   3.2248177983624254E-002
   6.2421429895657569E-002
   1.4464445961304416E-002
   7.1332634953196930E-002
   4.0874608271187114E-002
  0.10083377262677319     
  0.14580597103412019     
   2.4365471765598789E-002
   5.3679321034623508E-002
   8.1490076074983861E-002
   1.4948492560461000E-002
   3.2333491923295502E-003
   8.9470283304596294E-003
   3.8465165285567315E-002
   6.1621707339309433E-002
   6.1192681558635692E-002
   5.7750798698809079E-002
   3.3457545489000332E-002
   2.3483804759838130E-002
   2.4559163393831657E-002
   8.5811006943673648E-002
  0.18821293623617727     
   6.0017841625329145E-002
   4.8307130348302418E-002
   3.8103224986750783E-002
  0.11901946640720175     
   7.8576369140976501E-002
   6.2393484780840010E-002
   9.8038190529381092E-002
   3.9301826557434708E-002
   4.4113722814238261E-002
   3.7088599661231222E-002
   2.0701744934356850E-002
   4.2758930005848537E-002
   5.5317177161954010E-003
   6.8263808501274600E-002
   3.4202307487233345E-002
   8.3086247167571178E-003
   8.3498884207209870E-002
   9.8579550147697453E-002
   3.0164198960693098E-002
   5.1639173444625848E-003
   2.1408820799636116E-002
   9.9708804725393160E-002
   1.9487304975051148E-002
   9.1090433425648713E-003
   1.2079826114142380E-002
   4.8230557149347916E-002
   3.5844977455651184E-002
   6.3835532276972848E-002
   8.6563741941515449E-002
   3.9548195470932412E-002
   1.4645852079163215E-002
   4.5270568862116271E-002
   1.4959040843063370E-003
   2.6298557865197643E-002
  0.11006973663537352     
   2.3107357753691708E-002
   1.7783175281970629E-002
   3.5602120394546188E-002
   2.0375959210857823E-002
  0.14127460258795263     
   7.4416412186031886E-002
   6.3482451587202074E-002
  0.11880650583277524     
   6.9836305529516390E-002
   3.8175888554444801E-002
   6.0054879947212883E-002
   1.8423999557455089E-002
   7.6521625375106289E-002
   9.8620828887888024E-003
   6.1821493682344773E-003
   2.4280125454297943E-002
   1.3885817706079771E-002
   8.1564281178638023E-002
   2.5312832456836486E-002
   1.1375228111016208E-002
   5.6843990102255271E-002
  0.21469182633478354     
   2.0038677084459212E-002
   2.4251141971300084E-003
   6.4111744185658459E-002
   9.0854493959784677E-002
   7.8869693534277890E-002
   6.7372833704391497E-002
   7.7187941840061405E-002
   2.1458635280177166E-002
   1.1057693862334054E-002
   1.5057718128510575E-002
   5.7914477723094389E-002
   1.6828703609766942E-002
   3.2674263701277212E-002
   1.1854807139157358E-002
   3.7470498247632267E-002
   1.5258300123933729E-002
   5.4134177517356621E-002
   3.9029634722098756E-002
   1.1407832195170933E-002
   8.8640145247478375E-002
   2.6656319149474136E-002
   5.1291700555533254E-002
   5.4311319095285337E-003
   1.4399695777691649E-002
   8.4922994318155587E-002
   1.5007405514707728E-002
   1.0590957202121963E-002
   3.2004418672718547E-002
   1.1422539705798235E-002
   4.2082263510828416E-002
  0.15340109447705466     
   5.9690339182980792E-002
   6.1262717146074439E-002
   5.4439367449303958E-002
  0.11406402049107364     
   4.9122408091548636E-002
   7.2101615627594484E-002
   4.8298448176320015E-002
   5.7564494234443467E-003
   5.9646950772831664E-002
   6.7134292628078795E-002
   5.9295509501312842E-002
   4.9014844367652743E-002
   6.6938913273893327E-002
   6.8960104970427219E-002
   1.2505090915575477E-002
   8.4231072904238091E-002
   4.2667896233161522E-002
   3.3521070565199131E-002
  0.12026039528839258     
   4.7140677750063954E-002
   1.0282939174362991E-002
   5.1248410797460120E-002
   1.0246535157003233E-002
   9.9082315738693687E-003
  0.18242862875784843     
   7.7178911626116703E-002
  0.11591641208046745     
   1.9709821641681023E-002
   8.4246927607963207E-002
   2.0630560128181038E-002
   7.8736542474493656E-003
   3.3284049748812897E-002
   4.7507966342224747E-003
   4.2397624574831899E-002
   7.2715272637200484E-002
   6.4702964898019480E-002
   2.0432674397144818E-002
   8.3524108494974728E-002
   5.0920996992457536E-002
   5.0477791020832989E-002
   4.7238863700004054E-002
   7.9532862384445544E-003
   7.5849711436823536E-003
   6.2044379881810829E-002
   4.0728702942924674E-002
   1.0063301721165671E-002
   2.9775885211203380E-002
   1.3703124196566364E-002
   3.7265053692742967E-002
   1.3288148478328415E-002
   6.8732403408067171E-003
   3.0936391399009264E-002
   3.0998755414835866E-002
   2.5069342662393353E-002
   1.2286434028549743E-002
   2.8042039395389462E-002
   5.0700692620004768E-002
   2.8709555535411511E-002
   5.8352219602952261E-002
   2.8854276081009527E-002
   1.7148719025732166E-002
   1.0207893063401644E-002
   1.6328696902264791E-002
   3.9299919654683581E-002
   6.9500673173294517E-002
   3.5241361164759767E-002
  0.12635673813155290     
  0.11461860596734798     
   1.0598563635727943E-002
   8.5644196646110171E-002
   4.6289982913339078E-002
   4.9554314179590456E-002
   7.9671117613956274E-002
   6.8358098089975963E-002
   7.4228907610756914E-002
   3.7710098715154891E-002
   4.3471047536436533E-002
   1.7603738312337809E-002
   3.0742583471311639E-002
   4.6594767993293040E-002
   4.5584777554779819E-002
   1.4552750493456086E-002
   5.2001275736242691E-002
   4.4774118603175046E-002
   3.6184772432649302E-002
   2.1188242615929911E-002
   2.4479752036365123E-002
   6.3217719577018841E-002
   1.9046805782411292E-002
   4.9278495776776947E-002
  0.10685370206996597     
   2.2417685643505301E-002
   9.8798102661432213E-003
   1.7317093739186110E-002
   6.6492277245395776E-002
  0.11376095837448158     
   8.6987472914530600E-002
   6.5673609737602154E-002
   9.8811595189470622E-002
  0.32071626042252066     
   2.1506556611882711E-002
   7.6396405546014415E-002
   3.4678277487937427E-002
  0.26533531546080608     
   4.3349879349881153E-002
   1.8204166389358706E-003
   2.7950061495363710E-002
   1.0069589650410583E-002
   2.7151618058183551E-002
   6.7562296329000890E-002
   1.8137799448381259E-002
   4.3346323594941276E-002
   1.5012548024257720E-002
   7.2454430691077765E-002
   2.2566429808299690E-003
  0.12026263417174590     
   4.6060914822798456E-002
   7.4373665508279632E-002
   1.1769419068488472E-002
  0.11453761694780865     
   9.1009173307738098E-002
   2.4425361242230728E-002
   9.3879662248574566E-002
   7.6847425074082099E-002
  0.13375240717873366     
   1.0067734720473114E-002
   2.8927556935651928E-002
   4.4440299245750249E-002
   4.2177838846532430E-002
  0.23967349559524684     
   9.6327530151823174E-002
   6.1725084225586216E-002
  0.10927613231357743     
  0.10782750630164926     
   7.6709060932601908E-002
   7.5597043725210492E-002
  0.10458973189727890     
  0.31743623173127700     
   7.0271505846792065E-002
   8.6958675495483181E-002
   7.2303991959935449E-002
   1.7906177880539366E-002
  0.11975779672942696     
   8.5926982555787082E-002
   8.3737954258503583E-002
   2.9261499030290287E-002
   5.5416945390449534E-003
   7.8868103034248932E-002
   5.9254882478580045E-002
  0.13807246246002747     
   4.9478978101751593E-002
   2.1565747953965750E-002
   5.9441765903909559E-002
   9.7372113609108628E-003
   2.1526161219522087E-002
   2.8099260365319505E-002
  0.12153184657906950     
   1.2931655774876529E-002
   3.7952399632876263E-002
   7.0158726756561568E-002
   5.3154753227566895E-002
   4.2507319236864703E-002
   2.6939003258840990E-002
   2.4958851184462658E-002
   8.2919581814410968E-003
   7.8445635101848848E-002
   3.3989753904461094E-002
  0.21668597420187696     
   1.0319940602920741E-002
   1.3081232039044575E-002
   6.6536030657275789E-003
   7.8997721833258296E-003
   1.4688614409802868E-002
   1.2254800104962164E-002
   3.1664479499280467E-002
   7.9953603491942152E-002
   7.0673408172155547E-002
   4.1823383660121442E-002
   6.9917347894627530E-002
   4.3645970690482296E-002
   5.5715350431572858E-002
   5.0443872091319973E-002
   4.7517200470735689E-002
   2.9760104021861383E-002
   2.3365501195465242E-002
   2.6832133390039457E-002
   7.0339670867601858E-002
   6.9357583820239058E-002
   1.9654543539808732E-002
   5.1797099385591960E-002
   3.3300040664148670E-002
   2.7719871477918812E-002
   1.1450717136678399E-002
   1.5924984543200089E-002
   2.8810145739419708E-002
   4.1846514209504596E-002
   4.2720354532717483E-002
   4.1695724365007666E-002
   6.1819761121762445E-003
   4.9027738276671756E-002
   2.1300154456708895E-002
   2.3010382803716922E-002
   4.9979851753139085E-002
   7.4780560255679127E-002
   3.1145675597499086E-002
   9.9313760084360925E-003
   3.1244421620405825E-002
   6.1835681307840118E-002
  0.15212898778571193     
   6.1475547831238299E-002
   4.5318460596558634E-002
   2.0175638328389933E-002
   5.6147025036859838E-002
   7.2167154044177242E-002
   1.8083263837055857E-002
   4.5345713423139082E-002
   7.9330448841689188E-002
   6.7225343911498744E-002
   6.4361203623043581E-002
   2.0946269589508969E-002
   2.3542611494693898E-002
   2.8390738309250024E-002
   3.7205167652362647E-002
  0.15772438347962800     
   5.2086997632954664E-002
   6.6951649405949300E-003
   6.7453466645602464E-002
   2.5988606035047497E-002
   5.2942237835325286E-003
   1.2286256748458416E-002
   1.9209184227112486E-002
  0.11701853808661457     
   6.0121356275368895E-002
   6.3413369965186706E-002
   6.9534324165532083E-002
   3.4920000859033136E-002
   2.2244718524449636E-003
   2.4094690660238803E-002
   1.4193715673782076E-002
   7.7283245004324527E-002
   8.3287343092078484E-002
   1.1525017396237396E-002
   4.7314213802945884E-002
   8.9644528042038679E-002
   2.7859717430577063E-002
   1.5985679962985402E-002
   8.6931045823372077E-002
  0.21747223053909473     
   3.5324165014209756E-002
   3.9622407448245703E-002
   3.8284575246018873E-002
   4.4494038373861268E-002
  0.11635141324173272     
   4.9739423504755985E-002
   7.4317590231198410E-002
   1.3289043511661916E-002
  0.21764385664027144     
   4.5165198766505488E-002
  0.10578952616620303     
   9.0841219722590266E-002
   1.4111607894699429E-002
   7.4380002012451665E-003
   2.4171967315718895E-002
   3.9032077196557336E-003
   3.0321973832802170E-002
  0.10688856255900302     
   1.8896218765744374E-002
   1.1103042544908166E-002
   9.7909641172891970E-002
   2.2779694578155714E-002
   2.7061649623848705E-002
   4.5996926285608065E-002
   9.2520287535599998E-003
   3.6584626111455195E-003
   6.2070300427278298E-002
   1.1935991941074154E-002
  0.18485339401736958     
   4.2707520186871300E-003
   2.4063155816107091E-002
   1.9563137232347875E-003
   2.5607519730481251E-002
   3.2009805482092708E-002
   6.1817346718632486E-003
  0.12592022312576889     
   2.9036545723132291E-002
   3.3843104999006536E-002
  0.10245131921581339     
  0.25850444405543238     
   3.6684924709614111E-002
   9.4237669105091057E-003
   1.0265444340697405E-002
   4.5157828149856243E-002
   4.2158758595202607E-002
   8.2590168991650698E-002
  0.12795373898755166     
   4.2280720641247613E-003
  0.23146695567021108     
   2.7579274784024096E-002
   3.6471119742925988E-002
   6.8796685412542122E-002
   7.2888776620952292E-002
  0.11726134787125059     
  0.11938850355997599     
   1.7136411114234557E-003
   5.5260098652985160E-002
   4.3418251663211511E-002
   2.0709345956051845E-003
   1.9273307779826849E-002
   2.7579348123877804E-002
   4.7944081315257008E-002
   1.6652265732098274E-002
   4.3286916010825066E-003
   5.6208131551147511E-002
   4.9086018543974527E-002
   5.4816967332235240E-002
   9.4972421886581601E-002
   1.7273381931625146E-002
  0.25395880239871210     
   6.3135814573212060E-002
   3.3133955073841169E-002
  0.18573372523256168     
   4.0234958693073142E-002
  0.16899705656484237     
  0.21788722767141683     
   6.5465858074099950E-002
   8.5672758703031593E-002
   2.8282327284126555E-002
   3.5477097418453597E-002
   4.6329879558924016E-002
   9.6083636473930922E-002
   6.0155487847839161E-002
   5.4740811659313243E-002
   4.8631902751244231E-002
   3.7918154059528461E-002
   6.9444400297094776E-003
  0.13132982875073981     
   9.6273544246168758E-003
   1.1882080489976618E-002
   8.2158375802544162E-002
   4.0806912271301149E-002
   7.6373195785271228E-002
   4.1356938420720524E-002
   3.3274056224880735E-002
   7.1081241202814643E-002
  0.11816699803521621     
   4.1498725489936099E-002
   5.4398886752432693E-002
  0.52174791757169192     
   2.4254969085910915E-002
   8.9344756368156877E-004
   9.5134181039817578E-002
  0.12090340688256410     
   8.0958135071648493E-002
   1.1858858039132895E-002
   1.2482304988578193E-002
   4.2070698441190116E-002
  0.11707382486457857     
   7.4583367320787755E-002
   1.1478049802240774E-003
  0.24193095070187345     
   6.3949993038168243E-002
   4.6497420605214682E-002
   3.4837869965990254E-002
   2.1441333722544812E-002
   2.3401121619082865E-002
   2.8495309422100514E-002
   6.0407515729791236E-002
   5.2573629086811534E-002
   4.6420392860809491E-002
   6.2490184248977863E-002
   1.9928452382946410E-002
   4.3384222321171798E-002
   8.7459278186676453E-002
   3.7391197272687075E-002
   9.8747028176185678E-002
   8.3038751910772146E-002
   9.7862680876707481E-003
  0.20333949864740739     
   4.7329605533439123E-002
   5.5122664893572015E-003
   3.0873849906442926E-002
   1.0061901771649145E-002
   2.2933456252921626E-002
   9.7857012450778866E-002
   3.1718296657630937E-003
   1.4476403449719710E-002
   1.6662207965299814E-002
   2.2586602654181390E-002
   2.3972010535085138E-002
   1.4663238573915717E-002
   4.2229856760184134E-002
   9.4516574705016523E-002
   4.8183809858640167E-002
  0.10096130434730818     
   6.2500265991889820E-002
   2.7457658629929594E-002
   1.1419516099277192E-003
   8.0316876147532822E-003
   6.6958731515063249E-002
  0.11207007165430563     
   6.9171519193113500E-003
   4.9711991881777225E-002
   5.4992784015005326E-002
   6.5718810152941523E-002
   1.7239340233725892E-002
   7.6732223822524176E-002
   1.1399277952830814E-002
  0.37406554528104097     
   6.1715058769907315E-002
  0.13638402392217427     
   6.4111476637318143E-002
   3.9281596694628658E-004
   6.1519700622728851E-002
   3.2993491471620111E-002
   2.9811962696636937E-002
  0.11850776783160277     
   1.8867183817729921E-002
   1.1076610419918091E-002
   2.0622494876956842E-002
  0.11797466174330037     
   4.8321387461403340E-002
   2.3562979425438370E-002
   1.8651694362456884E-002
   8.4056575611215517E-002
   1.9248433728586825E-002
   1.7627845070861820E-002
  0.10874392505828781     
  0.18076652643982216     
   7.6080433052153840E-002
   8.2198125012710108E-002
   1.3517017955502933E-002
   6.3493667596409717E-002
   5.1326148830178060E-002
  0.28496012262676801     
   1.3479233242133131E-002
   3.8972741381082872E-002
   2.8801576370652789E-002
  0.29242669754166539     
   6.2533417652030923E-002
   5.1918742486257476E-003
   1.8972042629949164E-002
   7.0706131580772602E-002
   8.1242893025467069E-002
   8.9951502011098056E-002
   6.3884410678375261E-002
   2.0751968087591145E-002
  0.13161779460425219     
   2.1851991572598164E-003
   6.6352692362360299E-002
   8.4032934407510737E-002
  0.10273585900764237     
  0.10681784616146593     
   5.0036356526520179E-002
   7.8567577868132801E-002
   7.7851431561248158E-002
   3.3392738955431038E-002
   7.5069914530413034E-003
   4.2594478092768250E-002
   7.7641483220905069E-002
   3.0133640836100362E-002
   1.7236328815378271E-002
   6.0541257757842871E-003
   1.6019120126156212E-002
   5.5014352607150275E-003
   8.2852433812129478E-002
   3.6569616615607630E-003
   9.1182078437643269E-002
   4.8130149550834236E-002
   1.6481934950502125E-002
   3.4819529140019734E-002
   7.7650301726894369E-002
   2.2613275670745440E-003
   2.4003318550144086E-002
   5.6954300608758536E-002
   3.3254429706584480E-002
  0.10753263861320321     
  0.10022945327902306     
   5.7741720171319157E-002
   2.7866842166716779E-002
   3.3133118508332088E-002
   8.5419667793296752E-002
   3.7714144027730954E-002
   7.6731186453704208E-003
   3.8972392561964567E-002
   5.0192077307117153E-002
   5.3484344922865239E-002
   6.9600612291310801E-002
   1.0883828430678526E-002
   1.8930190225195303E-002
  0.24155967834421677     
   3.5500748253883906E-002
   7.3535484931783732E-002
   2.9737929034176099E-002
   7.6972157864365117E-003
   8.3425813291599663E-002
   2.3491362364348508E-002
   5.0187756097863197E-002
   6.7155440857054313E-002
   1.9730269171885178E-002
   5.7164851579554782E-002
   1.6429505070248748E-002
   3.5239400843066412E-002
   9.4340256064813305E-002
   8.0348513184293396E-002
   6.1898388066599752E-002
   4.2909202734705214E-002
   4.9129521828120155E-003
  0.12408414050321763     
   3.3102135704485815E-002
   4.4536969406126364E-002
   5.6699371463770500E-002
   6.2665857634251693E-003
   4.0383205828250841E-002
   6.4817470888860584E-002
   3.6691899236515148E-002
   9.4421580262705404E-002
   5.4466790423947753E-002
   9.0539523978693789E-002
   1.8243916252845365E-002
  0.14026424056447490     
   1.7166603521775431E-002
   7.0119825727828541E-003
   4.7505073772745092E-002
   7.1208714204269996E-002
   9.3259493723070047E-002
   9.9229670575154250E-002
   8.5785052932042083E-002
  0.10172934173351933     
   1.5419317374018013E-002
   8.7197393433382300E-002
   3.0821901757627258E-002
   3.8322020071699742E-002
  0.14251089428628685     
   1.5155053479728915E-002
  0.14438183369815105     
   2.0798989657255181E-002
   9.1450167902406079E-002
  0.20768932704263726     
   8.0438462284120729E-002
   2.3256329469612261E-002
   4.6713978877972538E-002
   3.4463722428463694E-003
  0.10816465651845983     
   3.0204899265527083E-002
   5.1200723555445228E-002
   5.3249856058708925E-002
   8.2680820648889222E-002
   5.6686674861254796E-002
   4.6343431370449994E-002
   3.7397014376787288E-002
   5.5163212727315336E-002
   3.4970668643629327E-002
   9.4001575699756090E-002
   7.6972990294711705E-002
   7.2614145241827646E-002
   9.3976400620244052E-002
   8.1636493458855941E-004
   7.4421404286898044E-002
  0.17186162767249799     
   2.7996791170197440E-002
  0.12467329269658435     
   8.6214248819244096E-002
   1.4610594785554980E-002
   8.1738802919095563E-002
   2.4550469235659199E-002
   4.8524310760210722E-002
  0.10859454202653852     
   3.7385278821248522E-002
   2.2514538520610070E-002
   4.7815718782776594E-002
   5.1948203429168074E-002
   2.0445031111775324E-002
   6.2163645343973097E-002
  0.18020175273542652     
   1.3757040938115977E-002
   1.0661762818518017E-002
   1.2558986384854833E-002
   4.9028364831694295E-002
   3.9434978716445475E-002
   8.4689678583377948E-002
   2.9791583433487433E-002
   1.7910850686085934E-002
  0.12962319737740391     
   2.9599964434887872E-002
   1.2725673427188087E-002
   4.1275528749888726E-002
   4.0559987004488263E-002
   5.6371928880822687E-002
   4.5729217684744965E-002
   2.3433266058499335E-002
   2.2489226076200075E-002
   7.3752288897579579E-002
   6.4689299259626826E-002
   8.2092397266691972E-003
  0.11608903026674787     
   9.2640314990754577E-002
   4.1422254506340440E-002
  0.13174939571384911     
   6.0280427647272983E-002
   5.2362875874867938E-002
   6.6588502885475645E-002
   7.0816601821687544E-002
   2.3948920605557276E-002
   3.5868475557115913E-002
   1.4469287194249624E-002
   1.5862933325943487E-003
   8.1163192037045806E-002
   3.0381039160318313E-002
  0.17011562634878821     
   3.1040764906975417E-002
   7.1606304497641313E-002
   3.9769904661833354E-002
  0.12264780305200981     
  0.10444107989628275     
   4.2194521989731927E-002
  0.10614588187518950     
   3.7096470909070124E-002
   3.2665298888705736E-002
   6.2470282978702142E-002
   1.7367606484699070E-002
   2.1775777673035700E-002
   4.2070358954010088E-002
   1.6385798724512346E-002
   4.6408998797868813E-002
   7.0888296987219365E-002
   1.9555698348322402E-002
   8.1040996979849289E-002
   1.2447353762254865E-002
   1.1660721767316730E-002
   2.9655199823169689E-002
   2.7863430310999589E-002
   5.5649465336269403E-002
   1.3821658800003625E-002
   5.5896663648591707E-002
   4.7285407627761240E-002
   8.8346980692385627E-002
   5.7104630969410299E-002
   2.8395462998817077E-002
   9.9167665510045702E-002
   2.6786105130598419E-002
   2.1065180096899051E-002
   1.3288305503931242E-002
   9.2847733698579321E-002
   7.5549560349788658E-002
   4.8558279741591735E-002
   6.5584609324523521E-002
   7.8705727194905151E-002
   2.9289220711493407E-002
   6.1667887802637052E-002
   4.1562944610663038E-002
   3.9870349972765652E-002
   1.3372880649328723E-002
  0.11600588231571730     
   1.7990620064384361E-002
   6.0616266772979904E-002
   5.8020127629154469E-002
   8.2848100299726016E-002
   1.4440787430770440E-002
   8.2741264457125860E-002
   7.9399138234474795E-002
   4.9411317893067193E-002
   7.1517944198889211E-002
   6.3525978540199868E-002
   5.1213118250539681E-002
   1.7291694726909713E-002
   8.2114943045388564E-002
   9.3126245761711926E-002
   8.7196710988628433E-003
  0.10893958869892682     
   3.4553331640197603E-002
   3.9312897975781254E-002
   9.2193292616399219E-002
   2.6316729457096587E-002
   2.9330679629791648E-002
   3.1715673637985733E-002
   2.4207154389970703E-002
   1.8546897122760003E-002
   5.9200065426472971E-002
  0.12412799618890236     
   2.0197708250517511E-002
   2.5015583259223685E-002
  0.20113416972779025     
  0.14281526448795376     
   1.0428728405775193E-002
   2.4124879550560661E-002
   9.1709529282368502E-002
   3.8793115237853629E-002
   6.7152662276505903E-002
   4.0511953747010984E-002
   3.1992630539312443E-002
   4.2902436506391889E-002
   9.2758612508541827E-003
   1.0377180678571976E-002
  0.12767447723020381     
   1.4913422152672294E-002
   5.0163350353545577E-002
   9.9236337647061745E-003
   1.3699694165951149E-002
   1.5161181593333933E-002
   3.1754394700645894E-002
   1.0425958503833588E-002
   8.7031424057714163E-002
  0.35913387880694697     
   6.3446650747450498E-002
   3.0802951779717175E-002
   9.9259755366209304E-002
   1.2715207817906110E-002
   4.6041023126934193E-002
   5.4135847274841109E-002
   8.7673442254496567E-002
  0.12235058941748173     
   4.0127783820909341E-002
  0.15062983619238654     
   2.3130265670038543E-002
   6.4958838349864712E-002
   4.5719061085521220E-002
   4.3701483377508961E-002
   8.8700626779846442E-002
   2.5107964174631452E-002
   2.2626662585174030E-002
   3.9812582557747424E-002
  0.14512920145255429     
   1.0913794505294462E-002
   7.5493674212472911E-002
   4.4205845745214752E-002
   5.8392280713956475E-002
   2.7649494202484911E-002
  0.10401785304739852     
   5.4685482512315198E-002
   7.7718397540783205E-002
   3.6756321608875056E-002
   7.3632265715864426E-002
   8.4036141382271112E-002
   2.4291918788110236E-002
   3.0892677490301262E-002
   9.7388005011908897E-003
   4.0978040101540159E-002
   2.6736961292914304E-002
   5.8780534794021636E-002
   5.9424956683156810E-002
   6.8455267343734402E-002
  0.16541627899946099     
   2.7715159672756964E-002
  0.19622352328013937     
   6.0207058099355990E-002
   8.0361114757675586E-002
  0.11709348529255936     
   2.5687861150980734E-002
   8.2750630081663331E-003
   4.6109027429201135E-003
   8.3402526467950665E-003
   9.3720314898467806E-003
   6.1505057832254288E-002
   1.6743486277974444E-002
   8.7376207344181459E-002
  0.14811141583414453     
   1.3478619220423815E-002
  0.49443824662816410     
   5.3523776206665666E-002
   6.9512285188674069E-002
   2.3053636238876431E-002
   2.1980873096243202E-002
   3.0621545433420445E-002
   4.8345808699113962E-003
   4.3098984532330457E-002
   6.1296225193057122E-002
   5.0809505093626542E-002
   7.9988498693557383E-002
   4.7222253885350216E-002
   1.1192561166318046E-002
   4.7926635894388597E-003
   7.6996069706172995E-002
   2.6582864029439941E-002
   4.9743434333731337E-002
   1.9637245900013624E-002
   4.0604722220665568E-003
   6.4084484668225375E-002
   3.2364826648531380E-003
   1.0485324889838214E-002
   4.4702772594763782E-002
  0.10171099427392546     
   5.2499917361699067E-002
  0.15118197377650583     
   1.6490741601634881E-003
   3.9489853388904900E-002
  0.11027945938171743     
   2.3688255598611825E-002
   4.2592710639851421E-002
   5.4117563875573073E-002
  0.13172839162809236     
   1.1170171096772716E-002
   8.5828506976722410E-002
   4.6333061770020195E-002
  0.12128387594629277     
   7.3734801768824243E-002
  0.11579510210392678     
   8.0476313830023655E-003
   9.0293876380018578E-003
   1.2667155753417125E-002
   2.6498997820749836E-002
   6.6652869393628864E-003
   2.5046257634554394E-002
   3.6009989149639855E-002
  0.18638046444790299     
   2.8662417299729240E-003
   2.7100513471729738E-002
   7.5344345814231098E-003
   3.0866930357579172E-002
   3.5073651974882811E-002
   2.0626126725359305E-002
   8.5070894804795807E-002
   2.0183977210166786E-002
   2.8187702374047045E-002
  0.10684341094909283     
   3.4159756505278450E-002
   3.4716705441106076E-002
   1.9695595287630627E-002
   1.3088478448924164E-002
   6.8273256910820354E-002
   3.3891986514628603E-002
  0.10789235429082417     
   2.2534508082215621E-002
   5.5971725128962174E-002
   2.9895896665934757E-002
  0.15299177279744230     
   2.9264365042390907E-003
   6.7340569005719234E-002
   9.8519781996138520E-002
   1.3197140590200154E-002
  0.10311955911300136     
  0.10703618989113928     
   7.0921722718417776E-002
   3.8393528289114541E-002
   2.7233938863551990E-002
  0.12635537723370693     
   1.1900260563387591E-002
   2.8737763349776551E-002
  0.10095959050390231     
  0.10093175522827044     
   7.8238782681403635E-002
   1.9534677775418140E-002
   9.2594093947239581E-002
   8.5451503928640718E-002
   2.1046555875032565E-002
   8.6844137296951326E-002
   6.8993552687356477E-002
   3.9099092615161819E-002
   2.7323572523783247E-002
   1.8344536217630922E-002
   1.7117395679176500E-002
  0.24767970415047832     
   7.8123927085442482E-002
   2.5208879717298807E-002
   3.1800386229381999E-002
   5.3907439816176260E-002
   4.4024527129142496E-002
   2.0527170583474866E-002
   8.5714454342412344E-002
   1.4208264817584419E-002
   5.9866929232809799E-002
   6.9418023040825852E-002
   1.9955455626296276E-002
  0.13474314464819120     
   1.8065479298955623E-002
   7.7246372751010959E-003
   4.3610523311715006E-002
   2.5207706055164855E-002
   1.4083769805839651E-002
   1.3094148074587801E-002
   3.2555987777120897E-002
   6.0824176164077155E-002
   7.3625374027278794E-003
   6.8865442055790690E-003
   1.8420774557684632E-002
   4.4423718481678975E-002
   7.9254819710390056E-002
   4.2624294763824344E-002
   6.4049570656936852E-002
   7.9105152566597559E-002
  0.29539650559382891     
   7.2589980258050676E-002
   9.0905189818531306E-003
   4.3558696872312758E-002
   2.7937266033458003E-002
   6.0857382164677148E-002
   9.8684568706891140E-003
   5.9560354896740809E-002
   4.2470522909326631E-002
  0.10355010887397346     
   2.8307665349260186E-002
  0.15151773395849813     
   6.7065843049940121E-002
   2.0309433450093450E-002
  0.11422840117513276     
   3.8499597377352347E-002
   2.1697846681866337E-002
   2.9475285072437126E-002
   8.8319364520596758E-002
   4.3281899054431666E-002
   1.6603828857013243E-003
   6.2850383356896427E-004
   2.2271745637819678E-002
   9.4938889778757155E-002
   4.4579001833019065E-003
   9.4951419006153628E-002
   1.7132060549158518E-002
   3.3363940841513597E-002
   7.2284857888337717E-002
   4.0883047310660621E-002
   1.5965422499871585E-002
   9.6129400370767726E-003
   8.2057731059207079E-002
   7.2746639217387181E-003
   3.3289130999579357E-002
   3.7848330513337733E-002
   6.6293367298923128E-002
   3.2963493018240503E-002
   2.1690784637230412E-002
   2.9876344892434074E-002
   1.3133133827401654E-002
   2.5829276108459993E-002
   8.0099625462462659E-003
   9.4955850470029329E-002
   4.0112944421970926E-004
   4.7257592303505437E-002
   2.3795277083624691E-002
   3.0110848789426607E-002
   2.6869922821709465E-002
  0.20155261530544721     
  0.12538065029083234     
   8.6862102363232205E-002
   7.8239222086554511E-003
   7.9204115160262586E-003
   2.5045718395241900E-002
   4.8047839500136712E-002
   9.6895363386496052E-003
   9.7421941902598470E-003
  0.10464213603847522     
   8.0063490719631800E-002
   1.2758632685466965E-002
   5.9477875354556767E-003
   7.1181696366684533E-002
   2.9535947566399007E-002
  0.15320518610005390     
   1.7963251182007339E-002
   9.7988603565798953E-003
   1.4832228985605609E-002
   2.8125999276101901E-002
   7.9152011813119150E-002
   6.1874836705759738E-002
   3.9781271957430711E-002
   4.2378929816099552E-002
   3.0000930462407267E-002
   2.4927727377284548E-002
   1.3307614016758592E-002
   1.4751261310123099E-002
   7.9567787908683782E-002
   7.5133637713736851E-002
   3.6131571419908248E-002
   3.7300396779082458E-002
   9.4747310804374398E-003
   8.5503102982557894E-002
   7.7516588596917249E-002
   5.0416157028332659E-002
  0.22283272281241115     
   8.4583815496430376E-002
   4.1692000220950702E-003
   1.1760688242444153E-003
  0.14529816735190654     
   7.1697357858274274E-003
   1.4546103927573268E-002
   1.6726879490672809E-003
   4.2421863626341830E-002
   3.0674206426584437E-002
  0.10477144273349763     
   1.9081425127040575E-002
   1.9256332990141491E-002
   6.7391985141383462E-002
   5.0224991729022637E-002
   6.5334278691431227E-002
  0.10966555497804040     
   9.4719398386823965E-003
   2.3931185670353145E-002
  0.20838927506573104     
   5.1238402974499317E-002
   5.7826184694404092E-002
   8.7666082518237626E-002
   6.3131666663637953E-002
   1.5187740096418651E-002
   4.1771512841135968E-003
   1.9231788259026040E-002
   8.2042773476333018E-003
  0.13838966350269855     
   2.2320351448527159E-002
   1.0964702721498774E-002
  0.13283038123736216     
   8.9833834382657268E-003
   2.9901252625097927E-003
   3.4071612443061935E-002
   8.5549615676543695E-003
   8.7835194100738621E-003
  0.23471426574308507     
   2.1759934820559938E-002
  0.16261251671224325     
   9.3962468652172185E-002
   2.1187501033447541E-002
   3.6291112388426507E-002
   6.7478535477232413E-002
   6.1810024636384041E-002
  0.33516304885181286     
  0.11098133935630400     
   9.8668607985758633E-003
   1.6059738806546413E-002
   7.8144706724229112E-003
   8.2372510954088290E-002
   6.2737018264357028E-002
   9.1224787244474081E-002
   1.2924857483445573E-002
  0.14884298255452458     
   5.3583367371549222E-002
   4.8666267942566177E-002
   1.1260712761034707E-002
   2.4043293374252223E-002
   4.7641895970555050E-002
   2.6065173784682517E-002
   4.7239967043766082E-002
   1.1189123659760944E-002
   5.1517456503191950E-002
   2.2156979183628515E-002
   1.4454232999443315E-002
   1.4751345543007251E-002
   3.5949389149005070E-002
   6.4951302383051357E-002
   6.9727239304349140E-002
   1.5572045143859323E-002
   1.6994199193838336E-002
   6.7110574549154270E-002
   2.5619408060903202E-002
   7.9044584562738163E-002
   9.3465419942421926E-002
   2.3797745646361994E-002
  0.15422234938765758     
   1.4617135705389110E-002
   2.9265180812703538E-002
  0.37070493157109036     
   1.9918766235085320E-002
  0.19058553982497697     
   1.4606211894469213E-002
   5.7938610076423987E-002
   3.7745032723867131E-002
   7.0110568577263610E-002
   5.5591849032203863E-002
   3.7671839775370829E-002
   3.7881002138661489E-002
   5.5362031399257446E-003
   4.1095109236645930E-002
  0.14785143558435740     
   5.8952368941600622E-002
   5.6975881546208446E-002
   6.2884666743574971E-002
   2.5087730377487606E-002
   5.4201779067888506E-002
   9.3970185675625248E-002
  0.27127040280889259     
   6.3918156148330463E-002
   2.9250532615028021E-002
   3.6576575971955981E-002
   5.7555388137346182E-002
   4.2235799142488401E-002
   7.8199864667402082E-003
   9.5154147894551316E-002
   2.4852149191298433E-003
   7.7778395107768225E-002
  0.13670082208482631     
   1.6552841139993640E-002
   3.6517897174016670E-002
   6.1765732637247002E-002
   6.6822822879269397E-002
   8.7219936881941365E-002
   7.0680022944052665E-002
   3.6882290563636781E-002
   8.7091343640434804E-002
  0.17787846309051175     
   5.0333092996405419E-002
   8.6329670816199328E-002
   6.6040157778892869E-002
   8.3566506342650740E-002
   3.6938997809884688E-002
   9.5919978771093917E-003
  0.10962734846626958     
   5.3253487534492092E-002
   2.9625385457055016E-002
   7.2697419975740994E-003
   5.6838235914385367E-002
   1.7479046473365640E-002
   7.3179065254800904E-002
   2.1069803925608220E-002
   9.0012464970139650E-002
   2.9186268694806793E-002
   3.4426125631389741E-002
   5.1462316015323577E-002
   1.9482835122151029E-002
   2.4974642916032009E-002
   1.8113662442710222E-002
   4.5818881567252792E-002
   2.3917519071021142E-002
   2.6109366635836809E-002
   2.4714893145797910E-002
   2.6794570681800356E-002
  0.10144460041469874     
   5.7841662246632126E-002
   3.2962049634026887E-002
   1.2107600607589039E-003
   4.5601516565047595E-003
   2.1977446280963108E-002
  0.14254188240816856     
   4.5051571156405304E-002
   6.1910415815954085E-002
   8.1332764008590464E-002
   1.4936542074989659E-002
   4.0892912447632615E-002
   7.7440801080750285E-003
   3.6011954755400540E-002
   8.0145850976100205E-002
   2.2888926424987598E-002
   1.2883905762020821E-002
   1.3802182999681613E-002
   5.6331907130809399E-002
   9.6279327894281938E-002
   4.8752448172264547E-002
   7.7123049879077019E-002
   7.9115955590645271E-002
   2.4068803709921430E-002
  0.12464729778200964     
   3.7647722810835671E-002
   6.1695237805323967E-002
   3.4182817457681161E-003
   8.8161320651764907E-002
  0.15730303911577415     
   6.6445146430990101E-002
   3.9422208341261041E-002
   1.9090207589005065E-002
   3.8204018042073316E-002
   4.8474863848840560E-002
   9.3574844219671740E-003
   6.4646835848513717E-002
  0.23717589328413916     
   3.1277643746605840E-002
   1.2580937067585590E-002
   1.5024447495514574E-002
   5.4345594523170462E-002
   1.8531464483107423E-002
  0.15294826107339610     
  0.36997446845673926     
   1.2304889072833424E-002
   4.1148005832068867E-002
   5.2149877637973872E-002
   2.6985666923846748E-002
   5.9300599921237171E-003
   2.6298085729784846E-002
   4.9933228115799512E-002
   6.5047777493411424E-002
   8.5974591849234991E-002
   8.4992585640818630E-002
   4.1654346298717018E-002
  0.39607418790933019     
   1.6027846031180570E-002
   5.3364838332283185E-002
   2.6691011921391693E-002
   2.0877974415159713E-002
   2.0463147665936543E-002
   8.5029615430399445E-003
   6.9586727527819969E-002
   9.0466459792406334E-002
   2.5299168297164231E-002
   1.9389344719583691E-002
   5.4165355421300049E-002
   9.7182942689652260E-002
   7.3726719563582330E-002
   4.0628335807152798E-002
   2.0766631212717220E-002
  0.12080595126021017     
   2.2255635166977511E-002
   1.9100535861263643E-003
   1.5316579421273579E-002
   1.5380256108700710E-002
  0.21620173980484661     
   4.8925716772546007E-002
  0.22689697131933764     
   9.4543082778824936E-002
   9.1293114834506861E-002
   1.8884045129552697E-002
   5.1276928642749131E-002
   1.8199026408652254E-002
   5.1743720344057206E-002
   4.5379253216501207E-002
   5.4452812582550889E-003
   3.9736604701420465E-002
   1.5942073836662345E-002
   1.9057371192323744E-002
   8.6855015939341182E-002
   3.3804200477225557E-002
   4.4356016955907518E-002
   4.6721480562539185E-002
   8.1125055022153364E-002
   8.6936856299682355E-002
   2.1136761785504454E-002
   5.2287273493203244E-002
  0.11202452061637672     
   6.2705844091320018E-002
  0.47308775171340944     
   5.4348291887452584E-002
  0.10919560849134384     
   3.1266036136917003E-002
   5.2878908377232782E-002
   8.9562765113063887E-003
   6.4121617550776708E-002
  0.12668812504006347     
   4.9179195748140690E-002
   6.5239271064996673E-004
   7.9880940696480315E-002
   3.4771029838128784E-002
   4.7516710887049667E-002
   4.9065680398568866E-002
   3.4098509821233379E-002
   9.1264942547286225E-003
   2.4338238250769390E-002
   1.6603220852778003E-002
   5.7745407513390475E-002
   5.8034904133881397E-002
   4.3986253205264468E-002
  0.15921242301255031     
   7.9345941233039646E-002
   7.1633169946370090E-002
   1.6474114027480547E-002
  0.11888648702799554     
   4.5199140852528331E-002
   2.7859462280134958E-002
   4.7759246936282709E-002
   6.8613018307700141E-002
   2.1767394695535770E-002
   5.1256427399681316E-003
   5.8565961030044446E-002
   6.3489900332161703E-002
   6.9626462180502516E-002
   1.3942280525622254E-002
   1.8304262268779577E-002
   6.9416101805233735E-002
   7.6665828172041997E-002
   4.6029352559154427E-002
  0.12768076978565010     
   3.6783999506680029E-002
   6.7385084506221507E-002
   2.3895513282025379E-002
  0.11069087756989772     
   8.2403244076638738E-002
   3.6225289420606883E-002
  0.84172950452428896     
   1.5392013186719979E-002
   1.0647738502526424E-002
   5.1588612121016716E-002
   3.5971870212167974E-002
   6.4755526037635194E-002
   9.7617618611411175E-003
   1.0729712904464778E-002
   4.1767905761162395E-003
   8.8072646342101019E-002
   4.9603177403259001E-002
  0.13939298459783508     
   1.4045883861601516E-002
   1.0272658230636247E-002
   6.4136087375185252E-002
   1.0693232049425195E-002
   5.2716149785711937E-002
   6.2468359131017150E-002
  0.11711004780330904     
   8.7387842732505674E-002
  0.21912775192238845     
   2.8422827978709646E-002
   6.6945358972701874E-002
   3.8731446472221279E-002
   2.4615433803748740E-002
  0.13038770818226578     
   1.2435069460137284E-002
  0.32889044855164901     
  0.12502629631476325     
   2.7513926207045472E-002
   2.5597035769220160E-002
  0.22333242167712655     
   9.2598785725225299E-002
   8.4120014205401952E-003
  0.10806052929206103     
   3.9520395967125019E-002
   3.8864039036374615E-002
   4.8101633746022686E-003
   5.4830070673649027E-002
   1.1790184287161998E-002
   1.6578411459342492E-002
  0.11834484883578607     
   6.4725014835101666E-002
   2.5220433258180821E-002
   7.1124647752560805E-002
   4.3404745752699092E-002
  0.11332869115125230     
   2.2357881825880180E-002
   2.1940244880613219E-002
   1.7125524127698556E-002
   1.0870448578948118E-002
   6.4467738777059358E-002
   2.4018946067868037E-002
   4.5048239232081892E-002
   3.9552383098956270E-002
   5.1993693135720616E-002
   8.6191001900298492E-002
   4.2354731874986291E-002
   6.7280254905040760E-003
   4.5730000770942809E-002
  0.14725869969877362     
   3.8600034202298304E-003
   5.1944234177192287E-002
   6.8471463967917354E-002
   8.2776320454570299E-002
   3.7713975119770010E-002
   8.8635028751674796E-002
   9.1357351100300854E-002
   6.5514686296193586E-002
   6.5880225640290668E-002
   8.8193923523982795E-002
   6.6762139207727098E-002
   8.4981299684987646E-002
   1.6928704354794901E-002
  0.10782646833717194     
   6.9705399915031940E-002
   8.5014443498078948E-002
   5.7920616320871227E-002
   2.2166527843761854E-002
   3.4701423308093331E-002
   2.7121747286489417E-002
   6.0574275256076782E-002
   7.9150737036004032E-002
   1.3545698190813532E-002
   1.0011815230341893E-002
   4.6001125533184813E-002
   5.4692354691475244E-002
  0.13704026135076605     
  0.46644505506133921     
   2.2693543354833871E-002
   6.7371668311848099E-002
   4.8429597409539490E-002
   2.0816028666795917E-002
   1.4817048300985481E-002
   5.0151872139086437E-002
   5.7623887033079448E-002
   2.1542964493904821E-002
  0.18464881380556786     
  0.58818146334120580     
  0.26544918103139026     
  0.11410105803563625     
   1.0136939677771076E-002
   6.1732465411420794E-002
   1.7104405563432651E-002
   7.8543295723869144E-002
   3.6766609679137530E-002
   7.1291894277227832E-002
   3.3594065613682535E-002
   2.1010414812958542E-002
   5.6316793301244547E-002
   2.2893143643744205E-002
  0.10631826660519735     
   1.6754593601508751E-002
   4.3357396115548077E-002
   2.5468641804164579E-002
   3.0528743825870848E-002
   2.9597610688126736E-002
   4.8910423171595427E-002
   5.8484213245414619E-002
   2.0150451027994919E-002
   4.0271479865994733E-002
   1.0358740478364494E-002
   9.0236837285243773E-003
   4.7655798788687469E-002
   2.8586526807405560E-002
   5.7699787142210746E-002
  0.10534960697214800     
   2.3332608547342173E-002
  0.14454232379034518     
   2.0976099207089136E-002
   9.7601447159769830E-002
   3.5862799166610972E-003
   3.6271157779333055E-002
   3.5989202965411610E-002
   6.3298220657864446E-002
   7.1119235105112338E-002
   8.2400564780979860E-002
   8.4506306796211187E-003
  0.10037147040772262     
  0.17002042957113980     
   3.8053111863634595E-002
   1.4972145795197352E-002
   5.9069030635719106E-003
   3.8351559167789713E-002
   1.2917084893629473E-002
   3.4680239606111045E-002
   8.4695493498170901E-003
   1.9205957140302016E-002
   3.5118540345364893E-002
   1.8473511181417730E-002
   8.0459091182365577E-002
   5.6310068860778932E-002
   2.4604330998990547E-002
  0.14548905673678350     
   4.9442404281167980E-002
   1.1959186003401194E-002
   6.1375608746510608E-002
   3.1711369020554084E-003
  0.11318899010089457     
   5.0954712368808323E-002
   2.0140180609160035E-002
   7.3871724677954123E-002
   5.9794764037436846E-002
   1.2301387911339360E-002
   7.2853979039053954E-002
   2.2845064394781251E-002
   4.8962798462873082E-002
   9.4887558777307604E-002
   2.2057473484515235E-002
  0.11055726965081085     
   2.5947588855787008E-002
   2.4032867852252292E-002
   1.7419086862239447E-002
   8.7458934091673296E-002
  0.10701911910342475     
   9.3496480205210539E-003
   1.9875684329816509E-002
   1.3769670800394592E-002
   6.4499558627117093E-002
   5.4233632272808426E-002
   3.3777588887415416E-002
   1.7688256657903575E-002
  0.10269834344086604     
   8.1437690846783775E-002
  0.10680172394709918     
  0.32323843841831529     
  0.20522430691320961     
   1.0605135883049229E-002
   9.7592833259876804E-002
   4.0834689722005220E-002
   5.8181338232953732E-002
   2.2893898837166492E-002
   5.7294860255310429E-002
   7.6229600862254387E-002
   2.6638534778478565E-002
   3.3373772676226557E-002
   2.8955517874043313E-002
   7.1824513594695494E-002
   3.3345709053773910E-002
   4.4356757175688155E-002
   9.1798716549095077E-002
   1.9627395802421913E-002
   9.5631331562776086E-003
  0.10783620470944437     
   9.7320922919164776E-002
  0.38671297291105017     
   6.0281216110244316E-003
   3.5359135905145174E-002
   1.3057786280392655E-002
   2.8488330738625681E-002
   7.6129562839949948E-003
   2.0679942092273557E-002
   7.3477467253304077E-002
  0.10038798710065952     
   5.9592426583652262E-002
   4.3573265416235747E-002
   2.9064217481071769E-002
   6.0523674265447566E-002
   1.6410201674134730E-002
   3.7242246839767040E-002
   9.3212001216510340E-002
   1.2487357430668544E-002
   8.6221299941504417E-002
  0.15060894257234289     
   2.0224610796484757E-002
   2.7840008611878610E-002
   3.2060435728950391E-002
   2.7357835801690739E-002
  0.13544986596925968     
   3.8484688257531062E-002
   2.2492773862988473E-002
   1.0786000687530337E-002
   7.4512594531441600E-002
   3.6348361476455003E-002
  0.10352354398664526     
   8.7725032710141999E-003
   7.5266645484495853E-002
  0.10390188325871641     
   6.9338846095748710E-002
   3.4541511321549444E-002
   1.3785488863978457E-002
   5.9927852462260116E-002
   4.0413057992836982E-002
   8.6168152660899174E-003
   8.9195095237623187E-002
   3.9803587804098026E-002
   5.7589376976398696E-002
   4.1966991329577555E-002
   1.6413682203323683E-002
   5.2368792500080093E-002
   3.2092019624550938E-002
   4.7681022204114416E-002
   6.4549263268432550E-002
   6.6988185822821206E-002
  0.12778989834321944     
   8.3029914673686575E-002
   4.6589472621948118E-002
   3.8792745181569541E-002
   1.8377387404681905E-002
  0.10358230061328511     
   6.2074659391458068E-003
   4.4449815465133116E-002
   2.4186020817244636E-002
  0.46705040863143887     
   4.9007857624143870E-002
   7.9341833198987351E-003
   8.7629153091641251E-002
   5.5800831799474836E-002
  0.10484547062491398     
   3.6572795654110271E-002
   8.3838591160824427E-002
  0.10958839454341963     
   2.5562747413127553E-002
   7.4883597297221924E-002
   4.0155961412451022E-002
  0.12134640624455668     
   7.5657996700100733E-002
   4.5671753101575341E-002
   2.4216910657099078E-002
   3.5210392245959121E-002
   4.9454966405142534E-002
   7.0398337577168055E-002
   1.2671265165112184E-002
   1.9906646225622927E-002
   1.2062357562157464E-002
   7.7127746520907120E-002
   2.8199669580388512E-002
   4.4845898839060580E-002
   6.8396377386322977E-003
   4.9555263577573297E-002
   3.5485197579356115E-002
   1.3440508168982349E-002
   5.7925435722874591E-002
   3.0294649604767240E-002
  0.13536244125307406     
   9.2511886854798081E-002
   4.7047396173651300E-002
   5.1714433687850274E-002
   2.2671453974912006E-002
   5.1293894500078034E-002
   5.1089897860396832E-002
   1.5453780925546331E-002
   4.6912755785116181E-002
   6.6338967726422712E-002
   3.6304305691596858E-002
   5.5107450906667396E-002
   7.8106850624733867E-002
  0.11186786219566486     
   3.6612056200864267E-002
   1.3681682581974733E-002
  0.13635715901977766     
   9.1132359542535582E-002
  0.13029296593646378     
   6.5744493222573461E-002
   3.8823718352138922E-002
   5.3999156793140745E-003
  0.13467498002973113     
   2.5082970307190641E-002
   3.7962337992291269E-002
  0.13571766125129797     
   3.9836680463295323E-003
   6.6088292103741911E-002
   1.8105728590455304E-002
   3.4580302747820993E-002
  0.10932017261549316     
   5.3121002419489846E-002
   2.7075198551053722E-002
   4.5032941984063851E-002
   8.6347038025486929E-003
   7.8914106777108767E-003
   1.7232320230919917E-002
   2.8285832367717395E-002
   9.8260527011051549E-003
   3.4982700737481220E-002
  0.11484362066180361     
   7.9883767314558887E-002
   6.7079556514122937E-002
   4.6407743977825780E-002
   6.5497500727308783E-002
   1.9041373577911625E-002
   3.3187045102831617E-002
   7.2722598442434477E-002
   5.4840237070945513E-002
   2.5507872031912435E-002
   1.2109220761573648E-002
   3.7961176039546442E-002
   2.1452451633654543E-002
   7.3863739895830463E-002
   3.3297313086892245E-002
   3.4110528225991883E-003
   2.7399732381969293E-002
   2.1487907796686769E-002
   4.5351646789598098E-002
   9.8701370743224243E-002
   5.6077161793957192E-002
   4.3104702915521292E-002
   5.8766920862618121E-003
   1.8203257411650617E-002
   7.2783542919386490E-002
   8.8825821585296907E-002
   3.7514343390038084E-002
   2.5439200052463230E-002
   5.1648203797910436E-002
   3.4781891044929611E-002
   2.4844252390430921E-002
   1.2094353190955117E-002
   3.0771453130253729E-002
   1.3326535130193254E-002
   5.5555501156050444E-002
   2.5853924986029089E-002
   4.1978693388303970E-002
   3.1466237326257598E-002
  0.11456190704070110     
   4.3396846970425638E-002
   2.8626322812762717E-002
   2.1091586420587632E-003
   1.7498902938301600E-002
   5.7660704318625557E-002
  0.11815507840882884     
   3.9992615616753970E-002
   7.7221593768018904E-002
   2.6559246819055457E-002
   8.1482510601122559E-003
   8.0046693758499973E-002
  0.15997349031789526     
   1.8729633073507921E-002
   8.3227914206659495E-002
   4.5574416845478520E-002
   8.0202454094302489E-002
   2.0457964359457244E-002
   3.8488160795826620E-002
   3.7206304296545922E-002
   2.7093908594270869E-002
   1.2746479886002228E-002
  0.10058147602521680     
   5.9252417866489153E-002
   2.8377034239929672E-002
   8.5167665128217662E-002
   5.1167933474943902E-002
   1.2930100747177762E-002
   4.8457412051223003E-002
   3.3683945300360889E-002
   2.7981753591932227E-002
   9.4101167692170560E-003
   5.4681955857094511E-002
   7.6648940614740105E-002
  0.13279672532199469     
   4.5167584124433729E-003
   8.7520141514269179E-002
   6.4837668345649843E-002
   6.4049606527123965E-002
   7.1021792396365503E-003
   6.6834908805528004E-002
   9.7552929462402488E-002
   5.6073646948682193E-002
   3.8688779787843498E-002
   3.5163625974327060E-003
   5.7756738882431803E-002
   2.8858858721478510E-002
   5.3019414581670851E-003
   6.2518366147028798E-002
   5.5186855710406234E-002
   7.2553078167198679E-003
   2.9927419549287185E-002
   4.0707372596654121E-002
   2.9737954064020678E-002
  0.55942458679183482     
   5.0659167463165553E-002
   4.6484366850513548E-002
   2.7824337504938689E-002
   2.1891310350289062E-002
   6.0790188489962683E-002
   4.2946013325349669E-002
   1.4017301453242800E-002
   8.5809154782771888E-002
   8.0961309195089690E-002
   2.3902332699122099E-002
   9.7221245915713600E-003
   5.8460088518066597E-002
   5.4681989027655174E-003
   1.2992076111773618E-002
   2.9935710202899169E-003
   5.3034856415077332E-002
   3.0206758937256821E-002
   6.2102684673198356E-002
   2.1614725582629352E-002
   4.7737583132561448E-002
   6.8779793288838445E-002
   2.9770988594912205E-002
   4.8609470833316355E-002
   3.4116340621801217E-002
   8.1054435507651984E-002
   5.9749598886448797E-002
   6.4744570565951995E-002
   7.3920880742822770E-002
   7.0398373536915262E-002
   3.4969239592913086E-002
   3.4301956192335614E-002
   8.1298292696581703E-002
   2.5685014597782392E-002
   4.4660523997046897E-002
   4.7928324772589556E-002
   9.2503611748429013E-002
   1.6160028212781685E-002
   3.5582772449676350E-002
   9.0896922957834109E-002
   5.2473707247533044E-002
   2.8375942975834942E-002
   5.4993500555921169E-003
   3.6650370236252408E-002
   2.8331782749342845E-002
   2.8625662902343682E-002
   2.3344759247065073E-002
   5.3632913925894254E-002
   3.4922274177210194E-002
   4.2742813184630996E-002
   3.3565938286695934E-002
   4.3301384668895784E-002
   3.2259377283112255E-002
   4.8536669193652675E-003
   5.7910003676231933E-002
   5.6291480843007918E-002
   5.9423822847161191E-003
   6.5209097970948843E-002
  0.18747125561464775     
   3.4112426740346286E-002
   3.8967008654925521E-002
   3.7200863994315658E-002
   3.9932699881610800E-002
   3.1984154244083143E-002
   1.9799473234094620E-002
   8.1474825124254940E-002
   4.1318418744816988E-002
  0.12400991491500604     
   3.3777769038940982E-002
   1.4498959323774952E-002
  0.16082140358897076     
   4.2468768277199677E-002
   9.2914805290840480E-002
   4.3378227265616624E-002
   5.7916820936723505E-002
  0.12168208509624318     
   4.9038845178468654E-002
   3.4567945575461279E-002
  0.14495406619815651     
   7.6168100121758842E-002
   5.5478004312168407E-002
   7.2276366157226601E-002
  0.11669034183454703     
   3.0623111423401930E-002
   8.1842269746682392E-002
   4.8245479011653256E-002
   7.6597426342411748E-002
   2.1581393749757743E-002
   7.9847816832506385E-002
   1.2608713778565629E-002
  0.17156416266514340     
   9.2912560030179170E-003
  0.11749304643115126     
   1.1293781108823266E-002
   7.2434587430435293E-002
   4.3305664290766753E-003
   3.6072473449222132E-002
   4.9499290541919004E-002
   2.0521174943070312E-002
   2.1620288899059727E-002
   7.2374265758782211E-002
   5.3688540779823386E-002
  0.12859650492811783     
   1.4822397151690016E-002
   1.1283756242651434E-002
   2.1544753114521920E-003
   5.4439724880459639E-003
   7.3802743345620883E-002
   4.9907875399930954E-002
   5.0428267914552988E-002
   6.2585960610927277E-002
   4.3361752033086516E-002
   4.2264495741104795E-002
   3.9604880809420789E-002
   5.2558264836713503E-003
  0.25212790772082372     
   2.1947881040551242E-002
   1.8430054818650708E-002
   7.1838736717222906E-002
   2.6905311789551668E-002
   1.3434369220996334E-002
   7.3835428966572733E-002
  0.14579417921739868     
   9.8294150049760401E-002
   4.4249698410857644E-002
  0.45750091927480430     
  0.10618549601290705     
  0.23696719767162300     
   7.7083383172059997E-002
   9.8718671220615201E-003
  0.12728686780886328     
   6.2887873855323712E-002
   7.3792600161816352E-002
   5.3927609512112680E-002
   6.9536016251299501E-002
   2.5325969847084476E-002
   5.1268077999157183E-002
   3.1210541255658017E-002
   7.9340818681696394E-003
   6.3332978885637256E-002
   3.1675045295658753E-002
   6.6456766135872831E-003
   6.0939935657962338E-002
   5.3557425786216584E-002
  0.11264841006252194     
  0.20594495894540854     
   5.5983823677771272E-002
   7.3353599297983546E-002
   7.1480942907819311E-002
   9.6135487536832768E-003
   6.9017335470611160E-002
   7.8888376553858150E-002
   6.2577850868266571E-003
   2.2522530449530117E-002
   2.2229297977486726E-002
   2.5536186175810351E-002
   8.4942280892439215E-002
   1.2502887853893020E-002
   8.8528310069189931E-002
   3.2221114315229123E-002
  0.11450874951776953     
   1.4739861174937887E-002
   5.3158004396805077E-002
   2.2330471809974887E-002
   4.2693191892386999E-003
  0.57749565626511790     
   2.1950512213872588E-002
  0.17737773193364875     
   7.0327120130939294E-002
   5.6511526145029871E-003
   3.0793055637515013E-002
   5.6292994502263459E-002
   1.8297632623238975E-002
   2.7703906763226913E-002
   4.7063090851590189E-002
   6.3360795020802690E-002
   3.4439974708276684E-003
  0.27916740700503245     
   2.4994604675211120E-002
   4.3991162272185365E-002
   1.6016518075133438E-002
   7.5497131095268108E-002
   8.1282050700676567E-002
  0.13243094779855666     
   6.6651147341465055E-003
   7.2270784016692499E-002
   5.7343993367293344E-002
   1.8246452891715944E-002
   8.5315774262580857E-002
   1.5091621544966212E-002
   4.0331497775340917E-002
   5.2252290744071686E-002
   3.6246910506373256E-002
   6.3771766723352025E-002
   2.6477213911015676E-002
  0.12398910043042291     
   4.8221797005639423E-002
  0.36144908120090574     
   6.2448849627420616E-002
   2.4541183628012997E-002
   5.1705358418839741E-002
   6.6012081751388785E-002
  0.12637298330175370     
   9.0785694182111160E-002
   7.0238790482775482E-002
   3.9802572111549576E-002
   5.7462072137303283E-002
   7.9326645497520373E-002
   6.2748269924665243E-002
   2.3933709024568903E-002
  0.13608078681744298     
   4.5281313787299035E-002
   2.3906907109982032E-002
   7.9680242184566319E-002
  0.16200615157823967     
   2.0053486179381040E-002
   9.3356919100221446E-003
   5.5891769192053325E-002
   1.5710481779794120E-002
   8.9399809833615271E-002
   1.2583282479184334E-002
   1.2117042580305522E-002
   1.6575436555711240E-002
   1.8649109885897640E-002
   1.6130104818740593E-003
  0.10165037630871215     
   4.9657566890125487E-002
  0.13052786656063947     
   7.9918573994496533E-002
   7.7667091944004632E-002
   4.4939119580958212E-002
   2.4027066320054993E-002
   8.6846837078194836E-002
   5.2338129099074343E-002
   2.6850000741269257E-002
   1.4792715369958557E-002
   2.1395857314640027E-002
   6.0095970768339335E-002
   4.2008238648945866E-002
  0.10887376246898653     
   4.2115278682501561E-002
   2.4919240304332509E-002
   2.0482142214336661E-002
   3.6954764369112228E-002
   4.8203991637108354E-002
   7.4324312357143596E-002
  0.10934168508336632     
   2.8597898145341045E-002
   2.1790014821735735E-002
  0.10605618290502071     
   3.9394064732659322E-002
   4.8976396507182829E-002
   1.8530594850202080E-002
   4.9321544949457563E-002
   2.3324892769584132E-002
  0.13548503306176451     
   5.4616570531768889E-002
   2.1259693592277650E-002
   4.8482684421733924E-002
   2.9375301580448723E-002
   6.4013968126018644E-002
   9.7482421489139583E-003
   9.2736655821035921E-002
   6.0250217486256270E-003
   6.6601812883483574E-002
   7.1973144875522158E-002
   2.2508518965977005E-002
   3.0331641562654072E-002
   5.3874443691976352E-002
   3.4062842271632719E-002
   5.5305044787096590E-003
   1.1812088704731478E-002
   7.2109468034643409E-002
   7.1061148376998312E-002
   7.4906985224965569E-002
   8.6812619186499226E-002
   2.4540540490102070E-002
  0.11377452055021015     
   3.0170276768374391E-002
   5.5043941272619207E-003
   8.1131445901222038E-002
   3.0737406625467183E-002
  0.22126486844547064     
  0.72516189631998795     
   4.0147933864254741E-002
   5.4496984240906196E-002
   4.1232030966996590E-002
   8.6420129686366573E-002
   1.2991116536996973E-002
   3.3558748778972233E-002
   7.7667595214066798E-002
   6.1018904203237204E-002
  0.16995278186451840     
   3.9096124334279787E-002
   5.1158067359904170E-002
   3.7782720742125089E-002
   7.5037903502436021E-003
   3.4323312681904397E-003
   3.7448805063649337E-002
   1.4503014464722224E-002
   3.8142368065358125E-002
   5.9871093025519337E-002
   3.5182728990634099E-002
   6.3403399871132929E-002
   9.3561529106650054E-002
   1.6341447909099121E-002
   2.6252963993482453E-002
   2.5209518076859141E-002
   5.6764432441034053E-002
   4.0508013692504487E-002
