   6.4211825992386104E-002
   5.4417287849007227E-002
   6.7252550971362471E-002
   3.0010456508436149E-002
   1.2555356172837215E-002
   5.0118924867709379E-002
   3.6181593426477573E-002
   4.6397833926778492E-003
   8.0379581109102675E-004
   4.5335317512959203E-002
   1.9880007946172649E-002
   2.9375841783691077E-002
   4.4215865762002669E-002
   2.6194496153100322E-002
   1.5271354080117426E-002
   3.4201665938400842E-002
   5.4282076353739279E-002
   9.8093203134545240E-002
   8.4077976000600907E-002
   2.5779671920907528E-002
   5.7793667607378862E-002
   1.6707002236931449E-002
   5.2434460365508820E-002
   7.6161316792961037E-003
   1.1034589635914194E-003
   2.7366674555162306E-003
   5.4145500481580684E-002
   6.8295184198825408E-003
   9.8987124754970502E-003
  0.12274256568971885     
   3.2589730674580035E-002
   1.6028639194133026E-002
   1.1026706068465623E-002
   1.3125667076413111E-002
   4.3487813119968452E-002
   2.9959069767641993E-002
   4.6779358051152360E-002
   9.6271724885938229E-002
  0.12515535753781498     
   2.9199418277505149E-002
  0.37395900328441506     
   3.1175081785533403E-002
   9.0674554874912522E-002
   6.3231591527579734E-002
   8.1395054063588858E-003
  0.27404865190594646     
   1.6848106659012534E-002
   7.2082558958882173E-002
   3.0227821325263145E-002
   4.2327444381600361E-002
   5.6489575052249948E-002
   2.6146848760547695E-002
  0.10373165789437905     
   7.8392782575296874E-002
   2.7313771737272795E-002
   6.8934953639564311E-002
   3.6293074424359396E-002
   6.3442734094173087E-002
   4.2661989410612874E-002
   5.3804625545739587E-002
   3.2541639609358103E-002
  0.18257674427684270     
  0.10499581736015147     
   6.2721854088700416E-002
   2.7761460812024334E-003
   5.7321433968242352E-002
   3.5456491709416935E-002
   2.2581442829839819E-002
   1.0268233358808498E-002
   1.4277001900960908E-002
   5.4609283935597899E-002
   6.2982623885384764E-003
  0.12127550277566530     
   7.1479508668762390E-002
   1.3227910475306127E-002
  0.32953970816800038     
   7.4330433380847466E-002
   3.6270244461897680E-002
   2.1074413715489577E-002
   6.5528457919286839E-002
   7.0661233279160865E-002
   3.8908039566867066E-002
   3.4160656607296835E-002
   5.0074924478772029E-002
   9.6186036527322362E-003
   5.4517868572281206E-002
   6.4691676955350580E-002
   9.1926137622422195E-003
  0.52281149305392594     
   2.6505091804632543E-003
   3.9932640653986121E-002
   1.7770982791640230E-002
   5.4918394923626664E-002
   3.7761545350979710E-003
   7.2171305859789559E-003
   3.1734498218348915E-002
   9.1844375582205415E-002
   5.5067844942400884E-002
   2.3024645686804564E-002
   1.7638013684675808E-003
   2.9803485454561580E-002
   7.5623408142952556E-002
  0.16592524276214207     
   7.4176067758688680E-002
   4.2027348278507931E-002
   6.2117502726058198E-002
   8.1151969233171112E-002
   1.9859367906095562E-002
   5.4895632582109791E-002
   7.0243954139515757E-002
   2.4984539777405647E-002
   7.9216222188390299E-003
   4.0544448702581080E-002
   5.5264106779316979E-002
  0.26845693614285460     
   3.7751891452743915E-002
   7.1052161661976962E-002
  0.17903072358420874     
   4.4170208549954432E-002
   2.8506236771764185E-002
   4.1714410707156258E-002
   6.7570640655578648E-002
   4.1648617079817415E-002
   2.9312666462305653E-002
   3.3314658192998663E-002
   1.2540121706939451E-002
  0.25320589099267587     
   3.7547726095284562E-002
   5.6325813109704463E-002
   4.5466917964773985E-002
   3.6484807289852150E-002
   3.3504342498318587E-002
   7.9832609266663968E-002
   1.3190047634206923E-002
   9.6502713144125091E-002
   3.0734642453244761E-002
  0.18156232235837627     
   8.0024287224006105E-003
   2.3136471650050842E-002
   2.1292313684206894E-003
   1.5641205397469389E-002
  0.20590319656556053     
   3.3555107534371485E-002
   1.7017819216615469E-003
   2.7592359129279632E-002
  0.29699275023398924     
   7.0284510084321336E-002
   8.0977108564751991E-003
  0.12252223307163697     
   5.9551387652336564E-002
   4.1050075915691417E-002
   2.8408220419105391E-002
   6.6044816110788621E-002
   6.5876863199659186E-002
   3.5928072671076859E-002
   1.2253973516564463E-002
   1.9822840961998968E-002
   5.6265238842620581E-003
   1.0060564441219231E-002
  0.11100585505368799     
   5.5983386408874434E-003
   1.2229769375216073E-002
   1.1265897425606400E-003
   9.6333825200996814E-002
   8.8397980496735321E-002
   2.9380794782409164E-002
   4.7710540998732648E-002
   5.6839887068722401E-002
   5.0782824400290624E-002
   1.8324419567102965E-003
   2.9866803448296415E-002
  0.10773024429733329     
   8.4353416660503614E-003
   2.0269764743333557E-002
  0.11740057390946970     
  0.26072859618646188     
   6.8519654035874400E-002
   2.2144123955322174E-002
   1.9909279288366406E-002
   6.0996218750539490E-002
   5.1432970615617971E-003
   8.3813417239876328E-002
   2.8782435985764986E-002
   1.7749673923225563E-002
   1.8828775740466559E-002
   1.2437509167812269E-002
   7.2010081545983387E-002
   8.9672823541305634E-003
  0.11471353605749302     
   2.2551733873213228E-002
   7.9454807521434440E-002
   9.3716860202404141E-003
   7.0622848813467016E-003
  0.57686494500531749     
   3.5722968618166290E-002
   2.3066493538613904E-002
   4.1108278722970244E-002
   1.9069568063600717E-002
   6.0671591467075771E-002
   5.4607313432057582E-002
   3.2239175646790685E-002
   3.4378566001391338E-002
   4.0159009189425478E-002
   3.9198814282871884E-002
   5.1896560179141828E-002
   7.1577111659458820E-002
   5.4151116939006268E-002
   7.6387653198985370E-002
  0.13822454561050163     
   6.1325524166071531E-002
   7.2969014730490112E-002
   2.2717277041323487E-002
   3.0085578301069449E-002
   6.6738679713743199E-002
   7.4161992498928395E-002
   9.5610949183011062E-003
   7.7442393360849321E-002
   1.1357606281808225E-002
   5.9902579966424521E-002
   9.3321451777173582E-003
   3.2895930206255216E-003
   8.5065451374830969E-003
   6.6244050413372516E-002
   3.8261440064608507E-002
   1.4675209490464979E-002
  0.13020995028211232     
   4.1280509224333531E-003
   8.3437650483927525E-002
   5.7186801786614908E-002
  0.61961961315173963     
   2.6058307042192582E-002
   8.0169108561459701E-002
   5.5423431830860254E-003
   2.4687014677126820E-002
   6.1529534402192637E-002
   3.1180277934048532E-002
   6.7960180622975833E-002
   4.0120962509101995E-003
   1.9845454919893986E-002
  0.47805544097506597     
   2.5564730158869068E-002
   1.4197859979088553E-002
   6.1196533812026131E-002
   2.1101203361434439E-003
   2.8271183216984325E-002
   5.5043048575457942E-002
   1.0384135443173962E-002
   3.3212911727344363E-002
   7.2602567433924903E-002
   4.2142131268094588E-002
  0.11845094570877189     
   3.4993029482021022E-002
   4.0705274858666759E-003
  0.10083932692360804     
   7.4979052403556980E-003
   8.4333938772575574E-003
   2.1464222796341862E-002
   1.5735041583315350E-003
   2.1485882447090630E-002
   4.0866281724634773E-002
   3.0793985897396309E-002
   2.9798482501922362E-002
   4.9699793959411945E-002
   1.6543509949458642E-002
   3.8138395231190232E-002
   2.2475018194756297E-002
   5.3109034352759696E-002
   3.3027013431428463E-002
   1.0236971371007307E-002
   4.7593437665444105E-003
   7.5038838613648393E-002
   3.6582396705308280E-002
   1.2860487513168917E-003
   3.3779708509507782E-002
   5.2760747199436298E-002
   7.0986879514103207E-002
   6.7917983910705748E-002
   1.8393159496295938E-002
  0.17438546529295829     
   3.1250280377164495E-003
  0.24251496835606701     
   1.3633545661281015E-002
   3.7606648025882532E-002
   6.4992809657610895E-002
   5.7920897735167350E-002
   5.2376278262092069E-002
   6.5246490770968099E-002
   1.2723817059048653E-002
   5.3622122752550523E-002
  0.12777859887462209     
   4.1661047407962122E-002
   1.9378002514827259E-002
   9.1344465109113593E-002
   4.4407504833034857E-002
   5.0024867650688788E-002
   5.2881877588023478E-002
   4.3696810714060806E-002
   3.2365837015061816E-003
   6.3725357323745180E-002
   3.8001688348347225E-002
   1.4816870591336129E-003
  0.31290639499763051     
   3.7385698443857050E-002
   3.4049525196768904E-002
  0.10950284212919120     
  0.12028696961620443     
   3.6848540099052259E-002
   5.8804830425243877E-002
   3.3827989064021208E-002
   4.8798734813723321E-002
   2.0490030413104595E-002
   3.4739204106423748E-002
  0.15765519824460711     
   1.9498495900959929E-002
   5.4011467697179634E-002
   5.6821376499948742E-002
   7.5756321762775608E-002
   7.1988468789948204E-002
   8.4815639025706643E-002
   6.9667498191262903E-002
   6.2475445467484389E-002
   1.5802712284135479E-002
   5.7558383710160060E-002
   9.1567869840972302E-002
   1.6323483707090324E-002
  0.11306698777408748     
   2.0587085291465995E-002
   7.9809968120924793E-002
   3.8613314398090459E-002
   4.7080065474295760E-002
   6.5536206276870040E-002
  0.38621169734321931     
   1.2901229681974302E-002
   3.8386358497803863E-002
   6.1107318174248243E-003
   8.8750577497931873E-002
   7.3670306339499503E-002
   7.7494161289766744E-002
   2.4009453475691157E-002
   2.5887381026150854E-003
   4.1886080425252582E-002
   6.1310800681094298E-002
   5.8986362890857081E-003
   3.3269232745469550E-002
   3.0838789417755082E-002
   1.4398804387555067E-002
   2.0110342243382155E-002
   1.1985136863908711E-002
   4.4250170833833355E-002
   3.2241174209404574E-002
   3.3884739824591739E-002
   3.8406474667356721E-002
   3.5166785783199962E-002
   3.7628125587745823E-002
   2.6829674993947592E-002
   5.0541947920828278E-002
  0.12333531846636100     
   3.8420227855878154E-002
   2.8172899284661688E-002
   4.7067877686813774E-002
   7.9215996705996966E-002
   2.2371048376589618E-002
   1.9214736849391102E-002
   2.9292191276825790E-002
   4.9356862142826974E-002
   4.7217274218215997E-002
   3.7039478763245343E-002
   9.1830869158676540E-002
   7.5919400645866830E-002
   7.9223140384039159E-002
   8.4374184899884373E-003
   4.6412178277816955E-002
   5.6049047708818474E-002
   8.9829382058439364E-002
   3.1958661978450445E-002
   4.4630424566120826E-002
   4.2199498693662886E-002
   3.8119062890574054E-002
   6.2287840796859943E-002
  0.10938100316430473     
   1.1579727034626232E-002
   3.4268757578826664E-002
   1.2960267316661703E-002
   7.1256435104473659E-002
   1.1495195705188548E-002
  0.11189251879772412     
   8.1131147072826412E-002
   2.1192993275518629E-002
   8.6618009401914289E-002
   2.8433323693655799E-002
   3.8754840812101947E-002
   5.2678885689305198E-002
   6.6403942982181080E-002
   3.7931053414568587E-002
   7.9175767272870290E-002
   4.4647425955505408E-002
  0.13434908462159634     
   3.4606966054649808E-002
   5.9342614324907665E-002
   6.1596106146046367E-002
   4.7291575969642587E-003
   4.2737723986215684E-002
   6.9085069918604511E-002
   9.4172692566834748E-002
   3.8136323738867758E-002
   1.6609953690967471E-002
   3.0573583735683883E-002
   2.5155678707684120E-002
   9.1097176236210695E-003
   6.4891411837048385E-002
   6.5691338788528564E-002
   2.3426628422548612E-002
   6.4124172232838492E-002
   7.3379499212303523E-002
  0.15339404503128048     
   6.8877695337941400E-002
  0.10197411690618910     
   3.2450892758658124E-002
  0.12144800088711673     
   2.7116530237664613E-002
   1.1323407182225763E-002
   5.3486924479457715E-002
   2.3563653959200074E-002
   2.4089432704752483E-002
   3.0383464907220645E-002
   2.7874722649707268E-002
  0.27807414110835593     
   7.5604900881331399E-002
   4.1265541050130999E-003
   3.1078769497475182E-002
   1.1206881764047737E-003
   7.3504284016469162E-003
   8.9341489967332786E-003
   4.2021968753106861E-002
   3.8649785239397112E-002
   1.2421501340076489E-002
   2.3882364212903382E-002
   3.6520148994453806E-002
   1.3541314281792569E-002
   2.6220059319756000E-002
   8.1233663993638669E-002
   8.9181035744864637E-003
   1.3824329927292725E-002
  0.22464438122717278     
   7.5347114618958905E-002
   4.8315907691468193E-002
  0.20605482374127632     
   3.0148879008500679E-002
   6.0089928625161396E-002
   1.9324220445023677E-002
   6.7176346206349435E-002
   3.9713329108628070E-002
   1.5718760028392103E-002
   6.0263252623571892E-002
   7.2461304083131436E-002
   2.3899879027765698E-002
   3.5401796980404923E-002
   3.4957527890398514E-002
  0.48654689787991773     
   1.8398351436599587E-002
   6.9476271390444683E-002
   3.8504844757965360E-002
   3.3299274651311266E-002
   5.4118022436121932E-003
   8.4694652817870988E-002
  0.12997276573813249     
   2.3651178148505574E-002
   3.0696008916320950E-003
   4.5469194128380089E-002
   3.3794920807454956E-002
   8.3780595069076785E-002
  0.50546380480184649     
   1.3683636734782735E-002
   1.7288422855693979E-002
   3.0037386446046841E-002
   4.9560734216161119E-002
   2.7729551697475659E-002
   4.4607352582848474E-002
  0.14398213881721672     
   1.6018236808480388E-002
   4.2654090916761978E-002
   3.3014691957886387E-002
   2.5360718648548729E-002
   3.5449988426552503E-002
   1.7807610914994099E-003
  0.18262051252444170     
   4.9919707838647860E-002
   2.4856227571174422E-002
   5.2982798068958510E-002
   4.5396435125896153E-002
  0.12387607134547560     
   5.6448770598665300E-002
   2.4057267125189307E-002
   4.3427328915101045E-002
   1.8751193391537562E-002
   5.9541434913647731E-002
   8.2340652759658559E-002
   7.4459280825038207E-003
   4.1173610598374127E-002
   4.7615876039130610E-002
   5.8003259313868891E-002
   3.7322041560852892E-002
   4.1293104729144298E-002
  0.10188593825712738     
   2.6890852764411338E-003
   4.0619250251505271E-002
   2.2666559846216114E-002
   1.5339998191671433E-002
   3.2652529871886611E-002
   3.2356000666450009E-002
  0.16628668734939481     
   3.3073370746439838E-002
   2.8708576986892744E-002
   1.5069713167665361E-002
   4.5381082957491631E-002
   6.4104886206404796E-002
   2.2417901626231244E-002
   6.4865427286463703E-002
   2.0256021499962491E-002
   3.1972946362672228E-002
   1.6420265972965257E-002
   7.7352055082215529E-002
   6.2742236759407100E-002
   3.2346893348401240E-002
   1.3832612423271841E-002
   1.9554761971508947E-002
   3.3023212203059232E-002
   4.1042875797161871E-002
   1.5278804063348590E-002
   4.3300344043222160E-002
  0.11218897252999964     
   4.3949181191937029E-003
   3.4794317336687058E-002
   6.9905976577350315E-002
   4.4489689464531947E-002
   1.4214370820560056E-002
   7.2673106981504532E-002
   6.9341004410763074E-002
  0.10129610799243502     
  0.11678909315575640     
   1.3033029011897037E-002
  0.13882284994514280     
   3.5450455559402111E-003
   3.5333674706249735E-002
   5.4507629787726240E-002
   3.0621059668773172E-003
   8.3440350588070603E-002
   3.7065898872833229E-002
   4.5302096509716748E-002
   1.1406140001754205E-002
   2.9119747088023184E-002
  0.10740588633796061     
   4.5823943650607650E-002
   4.7266686135951572E-002
   5.8195214028839412E-002
   5.5271402118807225E-002
   9.6634358762894404E-002
   5.0233672971156551E-002
   1.7117030054158260E-002
   6.3953142227355750E-002
   3.4055277252505234E-002
  0.17245584060291996     
   4.9516328100271179E-002
   1.8588969920162055E-002
   2.8008446888576538E-002
  0.11520784847930769     
   3.2582109910611314E-002
  0.12608097913487859     
   3.6130814598150082E-002
   4.3917119293546872E-002
   3.1552107122998843E-002
   1.3844863803026230E-002
   6.1193518513397882E-002
   2.3089010278631288E-002
   7.7035418574115264E-002
   4.5354003803003570E-002
   3.8751909069751546E-002
  0.12257571571691715     
   9.2020880865353580E-002
   4.2843241900931577E-002
   2.5062582951947715E-002
   6.8410396398494366E-003
   7.4024956990925317E-002
   4.4064340192529944E-002
   7.2642875723016226E-002
   7.1651815768316751E-002
   8.7495800937991017E-002
   2.5443544429495073E-002
   2.1423552862862523E-002
   2.3059705875808835E-002
  0.10772656066319664     
   6.9624967349037808E-002
   6.3385044864703408E-002
   7.7444984212489368E-002
   2.4040663722238696E-002
  0.14286254666651618     
   7.1694960854777487E-002
   4.1541271906400855E-002
   5.0527174926604211E-002
   6.1788786444359790E-003
   3.3829235966735163E-002
   3.0309451964913657E-002
  0.10641384993143395     
   2.7154879138528088E-002
   9.1850957619214607E-002
   5.8612683389163846E-002
   6.4402714487284407E-002
   9.0191352623442120E-002
  0.40914312610406856     
   7.4105645358813990E-002
   4.0669333125458833E-002
   9.1565262909933526E-002
   6.4641089317185860E-002
   7.9009871554699199E-002
   4.4356154375405962E-003
   3.4807345009555242E-002
   2.0679877962509346E-002
   9.1697173591994870E-003
   4.8096828061541773E-002
   2.6513098771602194E-002
   1.7353195273618963E-002
   2.5417698154062009E-002
   3.6747206829391872E-002
  0.10653266527725830     
   9.4014425263721640E-003
   2.1715729122941483E-002
   2.9823150369177572E-003
   2.3400962935061519E-002
   1.7418442209973680E-002
   4.5350172815070089E-002
   1.4946053562567283E-002
   1.1773233151562125E-002
   5.6531269525277136E-002
   6.0639967030973387E-002
   4.9509850560160114E-002
   4.9033378585687182E-002
   2.1068981811999985E-002
   3.3008950338379132E-002
   8.4162408249043100E-002
   6.2774066267818507E-002
   5.9108361345260860E-002
   6.8892923012937479E-002
   1.1062410405851479E-002
   2.1630041982958443E-002
   4.9230330850183232E-002
   4.5067963731229413E-002
   2.8041581489113059E-002
   8.0047440474455226E-003
  0.10010447016985537     
   7.3025752605703709E-002
   6.8962754878418256E-002
   6.9858391811714715E-002
  0.10636809132823956     
   1.4657315707607305E-002
   1.8535791921592132E-002
   6.5545846898747095E-002
   6.2928976411041213E-002
   4.4671938729534372E-002
   7.7728023238355010E-002
   4.1783976837645532E-003
   9.8051970797828514E-002
   2.0015944669494301E-002
   2.5138854643324798E-002
   5.0787888387649464E-002
   4.3886468607929448E-002
   9.6894296931384488E-002
   8.3844925414902197E-002
   2.1369618259453722E-002
   6.7872178995007248E-002
   2.0805311537378249E-002
   4.5359530346313279E-002
   6.7398132584055109E-002
  0.19339413736888611     
   1.8276817386323120E-002
   7.6839066883414254E-003
  0.11274643761639407     
   3.1534680747609907E-002
   5.2440351187181822E-002
   1.3227528041062933E-002
   2.9402204464844322E-003
   2.3711630141283423E-002
   2.3432344161748202E-002
  0.10449238445899764     
   5.6739403233837873E-002
   4.2971721126710376E-002
   3.1456275875971863E-002
   4.0386928433379966E-002
   5.4713024285186394E-002
  0.11373855697970001     
   3.2788905941616833E-002
   6.3573912284625902E-002
   2.6467280736272282E-002
   6.9090684014443708E-003
   3.6727084535357682E-002
   6.8981367467447263E-002
   1.3428592888537158E-002
   2.0581875523825566E-002
   5.5385085867131645E-002
   1.2014707629284513E-002
   2.1692609230788362E-002
   5.2884528915760273E-002
   3.7838791592454638E-002
   6.4398041989164545E-002
   7.1278470766365006E-003
   2.6413794713270322E-002
   2.1787525499444915E-002
  0.14578319817778143     
   2.5579482203200919E-002
   2.2542184042464518E-002
   7.5034347395425097E-002
   6.6616573234038273E-002
   1.3127374980184046E-002
   5.0788920318421846E-002
   4.7314443565018953E-002
   1.1427845286042407E-002
   7.9218357277914195E-002
   7.5991088580358870E-002
   3.4344029076306848E-002
   4.2890672051245103E-002
  0.10901222672993660     
   6.0882095260232499E-002
   5.7006783941711124E-002
   5.3751858640691846E-002
   3.2855781748495835E-003
   4.1094485223461576E-002
   1.7851881923666713E-002
   3.3493234492744654E-002
   4.5053662473670354E-002
   5.6766185868636333E-002
  0.13641316569362652     
   8.3320571572630606E-002
  0.11301359837975120     
   5.4004829830669933E-002
   3.7469259267483442E-003
   6.9160167731247835E-002
   1.5517115382846529E-002
  0.10336137505747718     
  0.13409551404574918     
   2.4324257795245628E-002
   1.5988503029157414E-002
   5.7647470236378243E-002
   6.8654509952503856E-002
   3.4344390981000124E-002
   6.2490084843320602E-002
   4.3706820434729496E-002
   3.6914806916560197E-002
  0.14251027816668271     
  0.10450100825143586     
  0.10015236442486927     
  0.49907941319494897     
   2.3928824388492323E-002
   8.5712426930821279E-003
   1.7811458468348303E-002
   3.9170595469975131E-002
   3.1343248341228185E-003
   7.1619571434365745E-002
   7.0467137841421321E-002
   6.3651043297090718E-002
   2.2349786954188423E-002
  0.14706558998970973     
   5.1192370384025646E-002
   7.9324586941452432E-002
   1.7000067443646318E-002
   6.8894489141117066E-002
   1.9179796137671488E-002
   9.5358261551107566E-003
   8.1603122748844667E-002
  0.14393105781779908     
  0.25063233322847350     
   3.6977953635855855E-002
   2.2252904269370970E-002
  0.10253084005973470     
   4.0819662977299588E-002
   9.2888704378552341E-003
   5.1266595479276471E-002
   1.0947894888569717E-002
  0.10060597381846911     
   7.6938307592088792E-002
  0.24440864039118473     
   3.1875490857396133E-002
   2.5106408675855080E-003
   1.4443417675831165E-002
  0.10047311178197348     
   1.5169071628110020E-002
   8.8817138253596199E-004
   3.5792267966467374E-002
   3.5523804416939177E-002
  0.20756480295464930     
   8.5576622880309539E-002
   9.9310700724583978E-002
   3.4049998698233573E-002
   7.0683736330789809E-002
   7.9232310569644707E-002
   4.1379269912164472E-002
   6.2419966108494165E-002
  0.32272182111416520     
   6.3568279657211886E-003
   4.9623232397012558E-002
   8.0967131574475174E-002
   4.6274106771016121E-002
   3.2564781429682771E-003
   2.2091745958994075E-002
   5.3449632213825496E-002
   2.4456750269618063E-002
   1.2213038115259409E-002
   9.0946756512129134E-002
   2.9634098103784142E-002
   7.7428722966488422E-003
   1.6760660040311896E-002
   2.2717644189452629E-002
   7.6081856117391114E-002
   2.0056293393430801E-002
   2.9042122663149744E-002
   2.6781418025572178E-002
   3.7489999829132752E-002
   9.7605185772842981E-002
   2.6019109972679796E-002
   6.4093607949844075E-002
   6.6435595998846825E-002
   4.3733752689301617E-002
   6.9725186311855513E-003
   5.2272995849533474E-002
   6.1325517357681270E-002
   8.9214415681026556E-003
   9.0106497652027523E-002
   6.9340488926781754E-002
   1.4025104007043833E-002
   1.3002589583530502E-002
   1.2078187947870279E-002
   3.0969383660511888E-002
  0.13493725469298709     
  0.18127863543978209     
   7.1401209245001956E-002
  0.12870076669040192     
   6.0699814883676567E-002
   1.0675853007144385E-002
   3.0426815817667326E-002
  0.11598861403634657     
  0.36885236728149534     
   3.7103221975055119E-002
  0.12941492133597765     
   3.9061232254117235E-002
  0.27280136288129120     
   1.4367762159880035E-002
   8.7373469663400330E-002
   1.3090231631590492E-002
   5.9316282930324878E-002
   2.4019681801183829E-002
  0.10374623338387545     
   1.2160806396563421E-002
   2.4172098700474716E-003
   1.6623540435156708E-002
   1.7332261047486718E-002
   3.2383062199935433E-002
   1.4647825955792951E-002
   4.3875139683710221E-002
   9.8749598481342633E-003
   2.8314806415305087E-002
   6.4017383348688006E-002
   3.5579865506073700E-003
   4.8146404764251964E-003
   9.4965309093578299E-003
  0.34964802840433212     
  0.13704889682689628     
   3.0924423230386827E-002
   9.0298168847280629E-003
   3.2116257342392152E-002
   3.1392966175408051E-002
   4.3452564458118320E-002
  0.10283335536634185     
  0.10812664253871239     
   3.6097535005973097E-002
  0.12137751562758921     
   2.1600950731247365E-002
   9.9902083462152819E-002
   5.3826317811043738E-002
   2.0947303672312650E-002
   6.7633594472557970E-002
  0.15049105174291252     
   6.7047669773999674E-002
   4.7552361674219640E-002
   1.0127050452181355E-002
   2.1733076491928984E-002
   8.4216411255221016E-002
  0.15133081407643106     
  0.11835402387754279     
   1.3381997402189275E-002
   9.2097022962562697E-002
   2.1899099387749015E-002
   3.4962734144747508E-002
   1.0234584820478444E-002
   5.4063306002921863E-002
   1.9031447910417682E-002
   5.9345731143529930E-002
  0.21146577248457377     
   6.6203309945604069E-002
   3.1550858408839602E-002
   3.4608379061760938E-002
   7.2959511350012593E-002
   5.2277785091273843E-002
  0.26504415030783596     
   2.8879106244042042E-002
   3.9795097700201419E-002
  0.16848895067519268     
   3.8226005389720061E-003
   1.0595701167646656E-002
   7.0101017505648814E-003
  0.10005168376711161     
  0.15050436464500899     
   1.8180414881242536E-002
   6.4717474411484080E-002
   9.7540787703281756E-003
   1.6815803694939079E-002
  0.10307454669629167     
   8.5086142959354669E-002
   7.5654451397165626E-003
   8.7168194337376246E-003
  0.10143813598540255     
   1.9921600799002528E-002
   4.9658155387973038E-002
   8.2652911241180502E-002
   6.3459564977094929E-002
   2.3798242127920196E-002
   2.8603930444398781E-002
   5.0737981812937684E-002
   3.8044487849553915E-002
   4.8905465437871866E-002
   1.2992629457325572E-002
   3.4097423120550807E-002
   8.6389481753229823E-003
   2.9977120162172636E-002
  0.18642629557220872     
   6.5722429792305886E-002
   3.0723153820332742E-002
   3.4420981666261521E-002
   2.9715225784029117E-002
  0.10031884977767173     
   6.3716961844461864E-002
   3.0494639523508737E-002
   3.0076487464164744E-002
   2.8427535986380086E-002
   5.4039261725230776E-002
   6.7341888013892195E-002
   1.8966789402250855E-002
   8.9590302851650067E-002
   5.6132317746995283E-003
   6.8472271522691031E-002
  0.14377126976914970     
   1.2538521114082780E-002
   2.1414528254682826E-002
   2.4876900904412576E-002
   9.2388290513117269E-002
   2.7509886225148585E-002
   2.9263667103431756E-002
   5.9663568082368959E-002
   2.7409499104334590E-002
   7.6625337952054617E-002
  0.11529556854625737     
  0.11893680228507272     
   3.3199665631392206E-002
   5.6923961130906468E-002
   8.3978329255572332E-002
   5.4142627150702831E-002
   4.0038802022694199E-002
   8.5362209449117120E-003
   3.1171386376188961E-002
   4.5978592569981672E-002
   6.0753472300497754E-002
   2.3399455213754000E-002
  0.13797047299676676     
   3.6434795182310249E-002
  0.10744736790061454     
   3.4338374267955711E-002
   2.1871468110336600E-003
   8.6365845374639316E-002
   3.6090457549232458E-002
   7.3565910308548588E-002
   2.3293896817942243E-002
  0.11493678674470512     
   8.6824831817334351E-003
   7.0417468331219748E-003
   7.9134937507219172E-002
   6.1528422183265201E-002
   2.1573031727793939E-002
  0.18394697996022888     
   2.0674775565496743E-002
  0.13889173323962054     
   3.6328824416711335E-002
   3.1352592878397000E-002
   2.4171246347231400E-002
   2.9033922894006459E-002
   8.1499408150314145E-002
   5.2523712993095918E-002
   5.4160201956354508E-002
   1.1933982612893202E-002
   1.8909627287943310E-002
   1.9977944853860556E-002
   7.8662546934796483E-003
   2.5823993913516693E-002
  0.12382328082058075     
   7.8825025101858875E-002
   1.7968180744877965E-002
   2.9341838675360808E-002
   2.5784389614157432E-003
   1.5054085330020421E-002
  0.10167018331689204     
   3.3129357104846283E-002
   4.9648827783553548E-002
   8.9197631509008418E-002
   4.4798625311062802E-002
   8.0581841745071311E-002
   5.2489746813288482E-002
   4.9524357401359777E-002
   9.9260538537317367E-002
   4.0960851477135865E-002
   5.1118816373388824E-002
   5.8026195245297368E-002
   6.2398284087051031E-002
   4.9307980466871945E-002
   1.3343395018438467E-002
   1.7228674639679815E-002
   4.0592265334008747E-002
   1.7874756858876878E-002
   3.1279121961153317E-002
   2.3278589189677474E-002
   9.2504338663154759E-002
   1.1324161596589836E-002
  0.10204729485823774     
   4.9498717231178206E-002
   1.6560295463056262E-003
   8.2368371882334798E-002
   3.6566102987907308E-002
   1.7268048462316663E-003
   4.4857470783714576E-002
   8.3348074102627942E-002
  0.15540645389369484     
   2.2360061728692419E-002
   1.5601124978122881E-002
   3.9309126376435952E-002
   6.7807650013099172E-002
   1.6454151405324958E-002
   4.2420519980699331E-002
   3.6393563508656385E-002
   2.1616232905446661E-002
   1.7227942964277834E-002
   3.7289871455225880E-002
   2.1096054257706377E-002
  0.32866170780910092     
   3.3561038863306712E-002
  0.15002193018833501     
   1.7209322583478417E-002
   4.2475784730029921E-002
   2.9681040367800275E-002
   2.1693322887548518E-002
   4.3716757655948221E-002
  0.20479362510083476     
   5.9512765078595944E-002
   8.8347297220910427E-003
   8.6032101539606012E-002
   8.3644595482368737E-003
   8.6409397665740129E-002
   2.7311281283472849E-002
   8.7706301750530791E-002
   7.7006231402813707E-002
   3.4518178440116468E-002
  0.22376814155938193     
   1.3221545673599977E-002
   1.6414072551261018E-002
   5.1569742756231156E-002
   1.8682126067062214E-002
   4.0101438459467675E-002
   4.9938647119072775E-002
   8.2101739763248111E-002
   4.8573567392825472E-002
   7.9492797124979350E-002
   3.1780325056440746E-002
   7.7550361178714208E-002
   7.8824709566987696E-003
   2.4449341735679198E-002
   3.9012250573603982E-002
   3.8518606800815834E-002
   1.8732493177575416E-003
   3.6029888604519895E-002
   2.7538335405390468E-002
  0.38855531872348809     
   6.0761985940706781E-002
   6.0098622259257750E-003
   9.9980353994885016E-002
   5.1725538365725167E-002
   2.8508546956883221E-002
   7.8004060120226759E-002
   2.7426387463340460E-002
   9.5148873621911823E-002
  0.12601517639396623     
   4.8599451147813014E-002
   2.6837351711258561E-002
   9.2467146520707616E-002
   2.0112664652359034E-002
  0.12587641360082702     
   1.5756552144464239E-002
   9.6313119500312266E-002
   5.1883793541729929E-002
   6.9742465444601887E-003
   1.9002143981346271E-002
   5.4213277573016388E-002
   1.1821492005005218E-002
   9.4701381383924272E-003
   7.2442682633972827E-002
   1.9305385941661812E-002
   2.8479824144806144E-002
   6.3597099356995465E-002
   9.2597394002388478E-002
   5.3239021556289824E-002
   4.1185618297252306E-002
   6.3027799133474088E-002
   2.1854830970583272E-002
   1.6426674331364233E-002
   7.0574634851011148E-002
   5.6985515935000584E-002
   8.5283885499184836E-002
   4.2368011147973839E-002
   3.3049509352646673E-002
   8.1738972393497339E-002
   5.6174486893043094E-002
  0.20101597835818263     
   5.6136180640459561E-002
   4.7715271369282823E-002
   4.0517031968409480E-002
   3.2315419402637519E-002
   8.4943476737905262E-003
   7.4809377508204142E-002
  0.12335610595475385     
   1.7305134289615037E-002
  0.13349763161930756     
   6.1907193838824683E-002
   1.8197703100065346E-003
   7.3029333797403617E-003
   4.7727440236778211E-002
   1.9970227780673623E-002
   1.3139317894369380E-002
   7.5920001186478070E-002
   1.4430412800500753E-002
   2.4610830974589836E-002
   4.7014945857067926E-002
   3.1564543128186184E-002
   4.1217168825699736E-002
   2.1458425137088486E-002
   1.9336458225350451E-002
  0.11739207976328443     
   3.9669408844526813E-002
   4.7528083910712650E-002
   9.8357225155631285E-003
   4.7826843063832239E-002
   1.9703046076134979E-002
   3.0510749032046727E-002
  0.24789747044629729     
   8.3408549127219664E-002
   9.4356411923178021E-003
   7.3646402332650532E-002
   1.7007621750326239E-002
   3.0054347222513308E-003
   7.0140259413479622E-002
   3.2379469392034614E-002
   2.3030561350701820E-002
   1.3083605844661263E-002
   2.6302997127206726E-002
   6.0452983502666126E-002
   3.7862028671985085E-002
   4.9151931056997583E-002
   4.8307823605978691E-002
   3.1583881448366033E-002
   6.4672889898454182E-003
   2.3301941517003379E-003
  0.36885545994010066     
   3.0603118865862363E-002
  0.13735616615545337     
  0.35543678005303742     
   2.3426351630628037E-002
   5.1281878827414973E-002
   4.3075839469879314E-002
  0.46869045986638630     
   3.4197402242904788E-002
   1.8551621582284659E-002
   9.6951203084680262E-002
   2.0412366200045003E-002
   5.4570987671241404E-002
   2.7179403531940528E-002
   6.1843868427690414E-002
   1.9287586726645038E-002
   7.3053199822367326E-002
   1.2067002353268909E-002
   1.6957181984782993E-002
   7.3995851441805097E-003
   7.8040986626599820E-002
   2.4317717831847082E-003
   2.1815079398577646E-003
  0.13581664462690798     
   2.8046524575453542E-002
   6.8767344119674842E-003
   9.2762302287761212E-003
   4.5395239098791451E-002
   3.8442776247809056E-002
   3.0274265062788828E-002
   6.9733423410500164E-002
   2.7938349093292531E-002
   7.0749295091676712E-002
   3.8446499741172299E-002
   5.9657718413730999E-002
   2.7381365149183278E-002
   1.7264840615956078E-002
  0.14731041203086745     
  0.12469498586543092     
   4.0824537434127284E-002
   1.4454779142676018E-002
   2.7175967970362237E-002
   2.3489982160577811E-002
   1.1794447794312005E-002
   3.4509492016240102E-002
   3.4067785536939503E-002
   2.2364459789786330E-002
   3.6442408880268749E-002
   2.0153323473162881E-002
   2.5027441245871127E-002
   2.0423991421771336E-002
   2.4966508657349711E-002
   5.2147199315075887E-002
   5.2141179276709443E-002
   5.1772007108590958E-002
   8.5960799248818276E-002
   6.2782145769012934E-002
   1.1229811079374681E-002
   4.1325119601384941E-003
   4.8008960754837682E-002
   1.7752146259529099E-002
   1.4495820589929233E-002
   7.9123392725892389E-002
   6.8932347871511548E-002
   6.0430636186301942E-002
   4.0597412199949549E-002
   9.5613920021202392E-002
  0.18413311358482856     
   7.4455548416375000E-002
   3.5033586856246669E-002
   2.6827766227903359E-002
   5.3643594599317845E-003
   2.4342068686866884E-002
   3.7892807250911029E-002
   1.1032991401553754E-002
   2.1765236320723837E-002
   4.4493460765424382E-002
   4.9578741981963166E-002
   2.1290195048681758E-002
  0.12621841978799400     
   5.4871784253650704E-002
   1.9848502538958084E-002
   1.8230902329394054E-002
   2.3863357252372368E-002
  0.14491561966569685     
   9.8503829900832687E-002
   9.5924494396708200E-003
   1.5395917170477433E-002
   6.8170022990986174E-003
   8.8175788104565070E-003
   5.3870007980596664E-002
   1.9740173331795143E-002
   4.6383487128446747E-002
   3.1281730202746320E-002
   8.2331174881419805E-002
   3.5620389717462356E-002
  0.12690075824980926     
   5.8453013759296901E-002
   2.4351635403203706E-002
   6.7625748848561100E-004
   7.7893620355541426E-002
   1.1093135549375112E-002
   8.6554514859778720E-002
   7.3859339701514537E-002
  0.11329529438366467     
   9.0023902781725895E-002
   6.2656680215463473E-002
   4.4273682305706170E-002
   5.6677418875561332E-002
  0.15643214700781899     
   1.6948053881708631E-002
   9.6001675289780292E-002
   9.9831508448759414E-003
   9.3087596764231013E-003
   2.9626292560650885E-002
   2.3209217380420706E-002
   6.6970394596920002E-002
   9.9055706222036227E-003
   3.2687039875782510E-002
   2.9815845523377810E-002
   8.2353540323185856E-002
   4.9989619137447629E-002
   6.8167002141319996E-003
   6.5374333354138434E-002
   4.8072740374344627E-002
   5.0259194174991598E-002
   1.9557991194100222E-002
   4.0970304005454178E-002
  0.10696149747200175     
   1.6367491337334967E-002
   1.3328004583989625E-002
   7.6591916853845060E-002
  0.16781832822583598     
   2.3673016311554041E-002
   3.5097563850664426E-002
  0.13165436568415045     
   5.1270265703618471E-002
  0.27145381252757356     
  0.11037499357643472     
   8.6864255008491584E-003
  0.10847425626582285     
   6.2570848634271509E-002
   1.7813379120005534E-002
   2.5625139360310925E-002
   1.3246406655592071E-002
   5.2894242486205535E-002
   1.6582996133073298E-002
   5.7539078675269591E-002
   4.2934992018294059E-002
   3.6816959211993211E-002
   7.0582369480785986E-002
   3.2297946863265287E-002
   6.7820730248931496E-002
   5.6129037366349506E-002
  0.13122811995842898     
   2.0282641576913975E-002
   3.8879971751202259E-002
  0.12458110485177373     
   1.5358427284771579E-002
   3.8652255068150308E-002
  0.11150109266494809     
   4.6880692907105143E-002
   6.7240255299290383E-002
   3.1928820989926693E-002
  0.10555989367439712     
   7.4246068729510187E-002
   8.6705856048419225E-002
   8.1561269485547455E-002
   5.7677293756616628E-002
   2.2878190449479717E-002
   1.3607199748081340E-002
   5.0474392284205940E-003
   1.3933582356071979E-002
   9.5906878910331353E-002
   2.3070230431043906E-002
   2.0017927255108633E-002
   7.6929397804987337E-002
  0.14473058721394355     
   5.1292253821883738E-002
   9.3037820500819310E-002
   5.3361652662972235E-002
   9.1659351343108195E-003
   6.4815372386623424E-002
   5.4490485980282791E-002
  0.13184224604813854     
   8.1838125409936721E-002
   8.3317439689928482E-002
   6.6349133668708635E-002
   5.0222411734459994E-002
  0.12389874878867820     
   2.3879672982713299E-003
   3.6344476336241625E-002
   3.3745332682568456E-002
   4.3710697409013857E-002
  0.10311974382442084     
  0.14299645222274476     
   1.6051431814263509E-002
   5.2353182363759958E-002
  0.10474725226904542     
   4.9610551733504593E-002
   1.9698397629738632E-002
   1.1020650010043133E-002
   1.6530895006873266E-002
   9.9035643918857302E-002
   5.4997372037915698E-003
   7.1255209418618529E-002
   7.5365982615648777E-003
   5.4673021355869621E-002
   5.1359038483474811E-002
   9.6903365766776613E-003
   1.6303387374558800E-002
   8.2848148299560026E-002
   1.5648534284758264E-002
   2.0647436264163623E-002
   3.2830445382174604E-002
   5.0877079440978669E-002
   3.6640295161003061E-002
  0.11022913039119094     
   3.2227223394889190E-002
   2.2404518569230474E-002
   1.8033678852012326E-002
   5.0150737812439596E-002
   3.9145003875419068E-002
   9.2701388819973279E-002
   3.5282338823260054E-002
  0.35107887869853427     
   2.6604994005185234E-002
   4.9766187111560597E-002
   1.4152466347861960E-002
  0.29859533699696894     
   3.8826612123655645E-002
   4.2019267187800163E-002
   3.6791827675318432E-002
   5.3486795442341225E-003
  0.10454033173781448     
   6.3718273461590702E-002
   1.7540232905014580E-002
   8.7865348272548743E-003
   3.8080401466476836E-002
  0.14215615104947604     
   7.0872029195154951E-002
   1.6093614396395662E-002
  0.21351282051947340     
  0.16126150004477671     
   4.5542150414720831E-002
   6.8856592987579388E-002
   4.2316523030415344E-003
   8.7418186708700066E-002
   8.7391760323030629E-002
   5.9533736177988412E-002
   1.7591932260136750E-002
   1.6407191801320789E-002
   2.9703794043133006E-002
  0.10711307401827028     
   5.9851136517167093E-002
   2.3577671091681063E-002
   7.6050852625236337E-002
  0.11445118848565498     
   2.6132325100411493E-002
   5.2196477130248241E-002
   5.3202899461870290E-002
  0.10791767603515875     
   4.0850477228872223E-002
  0.11078618407107531     
   5.2948170974132534E-002
   1.6023478487955795E-002
   1.4394857417585276E-002
   9.9257760315516804E-003
   4.0300621422583817E-002
   1.5146723356844858E-002
   1.0100150301319534E-002
   1.4455576780245767E-002
   1.6585933551132193E-002
   1.3864853348637601E-002
  0.16856340732205621     
   6.2541166428781991E-002
   2.0964077330678961E-003
  0.17000181279336599     
   8.4301805992792717E-002
   1.7868334519017551E-002
   3.0426341869935914E-002
   4.9661592120679922E-002
  0.11655078285894753     
   6.3360584552264454E-002
   1.9835722192897899E-002
   3.5587848980383932E-002
   1.8054148617733492E-002
   2.3737145186117862E-002
   5.6259361998529316E-002
  0.13296365709347174     
   6.7452468505039609E-002
   3.0216579774805928E-002
  0.11692293489941308     
   3.6459539143153689E-002
   5.1430488866375627E-002
  0.13205327931606270     
   2.1777387687990427E-002
   1.3531154171947869E-002
   3.7194953365414438E-002
   1.3023568187280869E-002
   5.9192150588398273E-002
   3.7615924334176244E-002
  0.10731787125102235     
  0.13743207624189716     
  0.10950453868982409     
  0.13634647835332273     
   1.7227473283117176E-002
   2.4868740218246782E-002
   4.5695321520503179E-002
   8.3097076029112621E-002
   6.2709840069704254E-003
   2.9837380102635289E-002
   1.9611796439506852E-002
   1.4505446129540493E-003
   3.3456418893417578E-002
  0.12536163728041763     
   1.8677764758027921E-002
  0.52754911513350855     
   1.9030752720431397E-002
  0.11613592055249694     
   9.6963736524631246E-003
  0.25480885062094999     
   2.8541990881455835E-002
   3.8150979918630791E-002
   1.7757542229109562E-002
   1.3558571916496525E-002
   2.8755841869849575E-002
   6.4237443737199029E-002
   1.5601861531657915E-002
   2.0264138790506630E-002
   1.3475064561392348E-002
   2.6189100046984874E-002
   5.2322184853101292E-002
   2.8346145025617518E-002
   2.7980765802344341E-002
   2.4543775522413099E-002
   6.5304156560239676E-002
  0.15622015236921277     
   7.9160050396499246E-002
   5.1559748606209613E-002
   3.4605862651474577E-002
   1.8978563235136706E-002
   4.2256066846866440E-002
   1.2756417633081083E-002
   4.5071671492906078E-002
   3.6839813347489599E-002
   1.4283235304968823E-002
   5.7281720481934743E-002
   2.2186014717932395E-002
   1.7324079106372018E-002
  0.10385825546355906     
   1.6998281791581173E-002
   2.5946412936994949E-002
   3.6317892946004647E-002
   6.3618693206036789E-002
   2.5105686325719731E-002
   8.0358048986896701E-003
   6.3740516082858911E-002
   2.7288594832123324E-002
   1.0769086371940677E-002
   7.8434664263669782E-002
  0.11552385057659983     
   1.6715962119550645E-002
   5.0112780760532246E-003
   3.2084376122333995E-002
   2.6240196137986838E-002
  0.32041831172369256     
   2.7850311544026712E-002
   8.0037203205667682E-003
   2.8142806065304397E-002
   1.2701246369331499E-002
   2.1231246424001409E-002
  0.22389746330399302     
   1.9675044465635925E-002
   2.7326162027709620E-002
   7.3609116349246134E-002
   5.1148900595689641E-002
  0.10060431999528249     
  0.14106056454096974     
   1.3446874234921047E-002
  0.12584819469285488     
   5.4397074551949337E-002
   1.8746837350901938E-003
   3.3259871281996249E-002
   5.6151364202447025E-003
   6.0851487565731256E-002
   6.9790234136208440E-002
   5.8337043892759980E-003
   1.1150178746390431E-002
   7.2969556992660611E-002
   7.0626087776661253E-002
   5.4946688917761471E-002
   1.1313589577517882     
   9.6837894811956787E-003
  0.10947242670359360     
   1.4553565684807292E-002
   5.0499809431468028E-002
   5.0324694552048355E-002
   2.6146586412705845E-002
   6.3528251730214343E-003
  0.12763852915260943     
   1.4682222161843022E-002
   5.3699894261701207E-002
   2.0023159421858259E-002
   9.6723283477354718E-002
  0.10175407827761590     
  0.35856713264984180     
   4.6725925916100933E-002
   1.7408313328449374E-002
   7.0648011001345573E-002
   2.6243291196096166E-002
   2.7588280181190725E-002
   2.0548888520721453E-002
  0.10068290550746757     
   1.2535479707440414E-002
   5.8848015290935023E-002
   1.9750342704373203E-002
   1.1824139631804448E-002
  0.26289856853036619     
   8.9288787093513622E-002
  0.13026238316354521     
   1.9426717480443084E-002
   4.1035205681592614E-002
   5.0261013497227024E-002
   6.7715852875335658E-002
   1.8254721134618009E-002
   9.3407866245465793E-002
   1.7617775810034410E-002
   5.4142835491431215E-002
   3.1403507516248673E-002
   1.9099283452951695E-002
   1.4066710637302608E-002
   3.3670785467844848E-002
  0.22981043076824773     
  0.17850699013261614     
   1.7971578906611368E-002
   1.4627028736805476E-002
   4.0274271641188800E-003
   9.7897983085895191E-003
  0.23362929970726709     
  0.18567112432212871     
   5.7175760751419488E-002
  0.14863543747238694     
   5.6526744403239695E-002
   1.6125158935340340E-002
   3.0096516877339843E-002
   4.5652760390581380E-002
  0.15076272905647531     
   6.8866414791906763E-002
   1.4731320700325090E-002
   3.7951572335067824E-002
   1.2405084022571884E-002
   3.9460853589371139E-002
   1.8883151245562221E-002
   6.6301815419801732E-003
  0.13543170741375940     
   6.4334461178333580E-002
   4.1369728428396368E-002
   1.2644238546405333E-002
   6.3254776922163705E-002
   7.7296891569598510E-003
   5.2614522933051638E-003
  0.32243188113435101     
   6.7041682412968900E-002
   4.0139407213796240E-002
   6.7447238282940844E-002
   4.2962850700485153E-002
   6.2245302257885278E-002
   2.1965099602404177E-002
   4.8118687229968565E-002
   6.7303396602639773E-004
   2.0630059107207575E-002
   4.4429453039780187E-002
   6.5573328168860981E-002
   4.8209831613673385E-002
   3.4759415203169303E-002
   6.0389261304322123E-002
   4.3218254049258428E-002
   5.9582438036744151E-002
   1.5443669834436667E-002
   2.7541649419720232E-002
   1.2927646251570364E-002
   4.6176049467406804E-002
   2.3233019991739674E-002
   6.3205390769372968E-002
   2.3255838053371477E-003
   4.7358726667736016E-002
   6.5882741299946784E-002
  0.15998365062093026     
  0.11866869146397474     
   6.6355899359371182E-002
  0.25991941490540771     
   9.1198324451137153E-002
   2.0763322471292103E-002
  0.16546035795648040     
   6.5727146086858243E-002
   6.6326655128614576E-002
   7.4339463112356161E-002
   7.9179351736495429E-002
   4.7801175324168735E-002
   5.2841071349210324E-002
   3.8601894424004940E-002
   7.0909732183354654E-002
   5.1825283396705717E-002
   6.7196504236594831E-002
   5.2183200495617962E-002
   6.6629987686922659E-002
   3.1679993796849965E-002
   7.0078790143230679E-002
  0.48257336123391847     
   1.9446592180915576E-002
   5.2203560910652293E-002
   6.2314450195366612E-002
   3.3801908705263471E-002
   4.6045593242154945E-002
   4.3982388910470072E-002
  0.19049592037146093     
   3.7195143156151619E-002
   3.5084455916308786E-002
   2.0323719468526017E-002
   5.7493191010244991E-002
   8.3867542258341367E-004
   9.2045580205918742E-002
   6.9628010314313038E-002
   2.5815416398876429E-002
   5.5270335798670517E-003
   9.3857923767486390E-002
   3.3448608970036625E-002
   4.4358014396157081E-002
   3.3323579718252186E-002
   1.5741785625180749E-002
   2.7314745455984186E-002
   6.6057977199418657E-003
  0.12526338118450075     
   2.1372622458436737E-002
   2.2086555104017372E-002
   7.5265420537064934E-002
  0.14521055788432027     
   5.3061727295383693E-002
   1.3406639023496940E-002
   4.1358739973126717E-002
   3.4054675362806527E-002
   4.3361169254632730E-003
   4.3258952450169287E-002
  0.10721432936177816     
   8.5862311976163449E-003
   4.6837122526313092E-002
   2.2272182976608840E-002
   3.7890643378856795E-002
   4.4940729842339391E-002
   5.4567057392577396E-002
   7.4063368059261198E-002
   3.2474224259977256E-003
   3.5381426856417937E-002
   4.2053892347915268E-002
   3.1832638122451622E-002
   1.1345622203423349E-002
  0.10367718149848150     
   3.0674248353069058E-002
   5.1432788784431124E-002
   7.4751575636014506E-002
  0.13161602802332004     
   1.7953570047145932E-002
   3.2574751878496934E-002
   3.2988022822125526E-002
   1.8924470272118257E-002
   9.8078964014299656E-003
  0.18019592612953658     
  0.16430665805490360     
   3.3849403410122957E-002
   1.4138225732602198E-002
   2.3389306995694539E-002
   9.9296090529779266E-002
  0.15598588377723943     
   6.4924875545562116E-002
   3.0519218922759685E-002
   1.0750053510246868E-002
   1.3361351785025960E-002
   1.3999085222108968E-002
  0.10413378795359507     
   1.4956084678874396E-002
   6.6773661237917489E-002
   5.7986074061628895E-002
  0.11113212941501208     
   2.0360729472602968E-002
  0.16882145099810447     
   5.8208775249453372E-002
   6.8998081075073811E-002
   2.5894782796579835E-002
   5.8079666395528931E-002
   4.7420793552017046E-002
   1.5719378585837513E-002
   3.3758664481829029E-002
   2.4771485215389494E-002
  0.42690197513325273     
  0.10560907845528320     
   3.9876397670954959E-002
   3.3488745699277490E-002
   8.3426407766748575E-002
   8.5944368049493486E-002
   6.6712392075429880E-002
   2.1976814264621936E-002
   4.9674123734507171E-002
   5.1178304799606486E-002
   6.2964470698626887E-002
   9.9483155822975237E-003
   3.4845158106204158E-002
   6.0401275575373982E-002
   2.0497418330214113E-002
   2.9088577802465040E-002
   2.7678590919394286E-002
   7.6865643419804744E-002
   6.2028704281112235E-002
   5.0395529521958547E-002
   2.5620517108498504E-002
   7.4097167967412669E-002
   8.6955918183105434E-003
   8.4573929727761704E-002
   6.4372786737422513E-002
   9.8079408499422375E-003
   9.3478839083199608E-002
   5.3588667107143009E-002
  0.37313301956801170     
   6.9775195407794144E-002
   5.0228850295616134E-002
   6.6648592840604565E-002
   8.1976858944785486E-002
   1.0645218094159787E-002
   9.5088528824671531E-003
   3.4814428772022253E-002
   8.1539119056239506E-003
  0.14079600291000352     
   3.7626581401699111E-002
   7.2684534183684174E-002
   7.4924198884675150E-002
   4.1796117121973370E-002
   6.0672102243391778E-002
  0.11684167844646075     
   1.9719226925160691E-002
   9.4230679276570747E-003
  0.10248112495292883     
   7.7794904675221252E-002
   4.1669649204746612E-002
   3.6258311975511444E-002
  0.34839021897320238     
   2.4877882675983124E-002
   2.5478306613401155E-002
   1.9486733120065800E-002
   4.8575210153751436E-002
  0.10427827613186771     
   5.6295876043491198E-002
  0.10024892380658543     
   5.4221711585237607E-002
   1.3701604766696903E-002
   1.0485872577638456E-002
   3.5299549067106327E-002
   6.6974673126147410E-002
   5.0212297903018004E-002
   2.3479729913216087E-002
   2.1516509922208132E-002
   4.3513750424413473E-002
   1.8139287096956145E-002
   4.5910499878382374E-002
   9.6747256137050652E-002
   4.8133946122690896E-002
   2.1078760177818113E-002
   4.3024646210255792E-002
   3.8842843284650564E-003
   3.4276614710485764E-002
   3.4656207094337164E-002
   5.1867808966234538E-002
   7.4095694600074050E-003
   3.8768578749140761E-002
   8.9167365104142929E-002
  0.15153784768776782     
   1.4454937140147813E-002
   7.5669428710768677E-002
   2.4957923792598164E-002
   1.6909009411391791E-002
   5.0533475924270800E-002
   8.6969891017880191E-002
   5.9449405633831796E-002
   4.9065214415717512E-002
   5.7861048585898307E-002
   7.3542256674395332E-002
   5.5094016406807389E-002
   2.2748196266167420E-002
   5.1282773240422602E-002
   1.7776198532799346E-002
   4.5799952116825526E-002
   3.4944355081068100E-002
   8.2013056970116072E-002
  0.16103572218470452     
   1.3964145698973290E-002
   8.9140986483870990E-002
   4.0250648221681730E-003
  0.11435250475239396     
   4.6067140531486105E-002
   3.2756059395633710E-002
  0.13379423180040634     
   4.5897305041217147E-002
   1.3529112451106594E-002
   3.7672881570845550E-002
   5.6714674661351563E-002
   4.3605728851238826E-002
  0.25067101774203615     
   6.5044283485106894E-002
   4.7144619625596858E-002
   7.9611965650007634E-003
   1.7180206541353861E-002
  0.19834540152970606     
   1.5342110681159220E-002
   5.0203566417700435E-002
   3.5870846142757457E-002
   9.4445517937761583E-002
   1.3599707928176550E-002
   3.2320731999184941E-002
  0.10475989834016249     
   7.4069376342613596E-002
   8.3513055756601923E-002
   2.1786104957451043E-002
   9.9022687845106122E-002
   2.8963642601838875E-002
   6.3839129367222663E-002
   4.1031456621354143E-002
  0.12474436273425178     
   6.9367290989670691E-002
   1.6819176560800429E-003
   2.3350161014932508E-002
   1.1540881400372282E-002
   1.9601384337742580E-002
   3.6063479672768621E-002
  0.18913545509615801     
   3.0207328279887421E-002
   6.0839666150475308E-003
   1.9841823226365140E-002
  0.10469146176193335     
   6.8753561240208177E-002
   2.6869220033323649E-002
   2.5623240971339004E-002
   2.6955582031949799E-002
   1.7009592374996975E-002
   3.5859183114522249E-002
  0.12719746750419003     
   1.9841779925886996E-002
   3.5194691456108880E-002
  0.10054660997436413     
   3.4312770957786093E-002
   5.6637046363633495E-002
   5.3626294932208891E-002
   9.8037561420411048E-002
   2.0362527663331412E-002
  0.42890299659737963     
   4.7661451958831390E-002
   5.4981811482255234E-002
   4.0642827649849847E-002
   1.9473333615170296E-002
  0.76542603326143510     
  0.18948302497897918     
   4.1597342695201350E-002
  0.38885796639749948     
   6.1604723295145151E-002
   7.1737596735192172E-002
   4.8343085292174369E-002
   1.6297418186385720E-002
   2.5064727765234870E-002
  0.11304068208143572     
   8.0619309633954514E-002
   5.6232954963670416E-002
   4.5187138138579892E-002
   3.1290854406014056E-002
  0.13614542943598543     
   2.8818323125630225E-002
   3.4922581857611427E-002
   8.8164969052260483E-002
   2.2851899348012754E-003
   7.3328569584671334E-004
   6.8845087105819880E-002
   5.1166604493847585E-002
   4.5920255108243775E-002
   5.0286619956865217E-002
   3.0496406578742141E-002
   2.8648975009401251E-002
   6.0030955527895100E-002
   4.1320628355113784E-002
   4.4530045123626724E-002
   4.3051632267555179E-002
  0.23204501264053434     
   6.3693371639245835E-002
   1.6838627098111725E-002
   5.5539659212974990E-002
   3.5108354288488207E-002
  0.28007468949153125     
  0.10948129626273284     
   2.8818190178182365E-002
   5.0073604105331862E-002
  0.11212629800404544     
   8.7416205036655210E-003
  0.27983109169257120     
   4.6835890947015797E-002
   8.4987295350014175E-002
   5.8959425928074863E-002
   4.6541793236373731E-002
   2.7210148932855695E-002
   6.1211348968195529E-002
   7.4250816894126919E-003
   3.8011956042900502E-002
   3.8643871520205667E-002
   3.3526580786519662E-002
   6.6856726212711409E-002
   3.3970327058836992E-002
   2.2120800078810319E-002
   6.1962210728140121E-002
   2.1761890996549779E-002
   7.9271800044024676E-002
   4.1476634533322329E-002
   2.2738191217371584E-002
   6.8187593342010522E-002
   4.7152989445879222E-002
   1.1623883750985865E-002
   1.8515900282605361E-002
   4.3189787960081927E-003
   2.0481091297790993E-002
   5.7825259053143748E-003
   4.0374147090544356E-002
   5.9621919329618238E-002
   2.4279255381696879E-002
   3.2834512545915844E-002
   8.2412501749688574E-002
   5.3642014316820981E-002
   1.5709316507563530E-002
   3.9500442018194096E-002
   4.9568172581672815E-002
   1.5614509432343070E-002
   6.2095993603120313E-002
   1.6936325977820344E-002
   9.2127794567873122E-002
   8.1959894860257343E-003
   2.0009235606504871E-002
   3.5121747072612820E-002
   6.0792006557443129E-002
   9.5562250950149991E-003
   4.6493769171993611E-002
   5.3448662759891130E-002
   2.3143129409921522E-002
   3.5048669987853609E-002
   6.0289176082673847E-002
   1.7209563240588623E-002
   6.8315737157978007E-002
   2.8633800466975900E-002
   3.0478903209435665E-002
   1.4165329063874193E-002
   4.8339228112614999E-002
   5.3777018955815103E-003
   2.3344996844450131E-002
   2.1600188505914393E-002
  0.10055267517821545     
   2.7756276808096163E-002
   3.2124493419403037E-002
   7.3374148000383546E-003
   1.9972906145461367E-002
   6.0281494536295631E-002
   3.1998217890186614E-002
   1.4852714116438121E-002
  0.11821294447470938     
   8.8507466285791484E-003
  0.13409632363050714     
   5.9546483821249510E-002
  0.18205129721462476     
  0.14303023147688187     
   6.9486026619007185E-002
   7.3043658158955541E-002
   6.4260694719605145E-003
   4.6085590113133422E-002
  0.10580226001711293     
   9.4156067402771555E-003
  0.10465455087902686     
   3.6432685193451990E-002
   5.3684223903073612E-002
   5.2291107163533752E-002
  0.14912912832020758     
  0.34889461824530926     
  0.36274559058273259     
   8.7411507906981021E-003
   6.4240445015253847E-002
   8.4944395497494010E-002
   6.5522828570139802E-002
  0.29247386348485371     
   4.7849033374631943E-002
   3.0598853109374657E-002
   6.5190463328141809E-002
   8.8623857470552500E-002
   2.9327264154928628E-002
   1.3211306296055316E-002
   6.3997351508562006E-002
   4.8232608699625368E-002
   6.7144667953651038E-002
   9.4469309571604737E-002
   5.9857360908430468E-002
   6.1261450591292746E-002
   1.1158232542950319E-002
   6.5099571263909861E-002
   2.1170463709078047E-002
  0.19700176535246583     
   7.8120123707695943E-002
   4.0876337300139287E-002
  0.12525712961362714     
   2.6113526811391233E-002
   7.3029487751594943E-002
   8.0674340986041121E-002
   8.9154607923064288E-002
   3.1180021413086359E-002
   8.3216957696121308E-002
   4.1794190017271353E-002
   6.1244859904532795E-002
   1.4075701115642811E-002
   9.6607858246521711E-002
   7.7727274413127906E-002
   8.9523136770672196E-002
   3.6023718098566644E-002
   3.8005298596084369E-002
  0.18970384209479624     
   5.5148316640106422E-002
   4.2623062917877166E-002
   7.1230196971512172E-002
   1.1152186977659928E-002
   5.0981687452306267E-002
   2.4703595499398077E-002
   8.0709244591762277E-002
   2.9451335354788215E-002
   1.0594602353460051E-002
   9.7963111152289228E-002
   1.7542729838644484E-002
   1.8794066200485682E-002
   8.2286529067426603E-002
   6.7255239789378507E-003
   8.5412579391882945E-002
   2.2469523290686529E-002
   7.1176355438525907E-002
   2.3393460655701848E-002
   5.0949070288401788E-002
   3.6527644391863977E-002
   3.3421490456969773E-002
   7.0407263044482207E-002
   1.5813420518839268E-002
   5.7593940325916387E-002
   4.2125386077702297E-002
   5.2595413192393144E-002
   9.1298268928994175E-002
   2.2826219183946738E-002
  0.48175313572874634     
   6.1871030624723405E-002
   2.5920085987854525E-003
   8.2291078849856730E-002
   2.3612246892720696E-002
   8.4107792966769512E-002
   7.8575129054147430E-002
   1.7883787623024852E-002
  0.16933274641855106     
   4.3096829221793607E-002
   9.8080039942170252E-002
   3.0916179533959493E-002
   8.9897655060430723E-002
   2.3855895870044944E-002
   4.5170966073265449E-002
   3.3271732879576548E-003
   9.6017365206870958E-002
   1.5110075688129106E-002
   1.6100271228554633E-002
  0.28545824758330640     
   7.5896272202513604E-003
   4.8226034856066469E-002
   1.1571147235244300E-002
   4.7793512330520913E-002
   3.3490924337938550E-002
   9.7564498418276094E-002
   3.6716318708486656E-002
   1.5903721745128323E-002
   6.0885004858751229E-002
   3.0650463010763587E-002
   5.7619047069105499E-002
   3.9010505128658092E-002
   5.7342310458871934E-002
   1.7392376398697340E-002
   4.5095497156755350E-002
   4.0361506927565613E-002
   1.3703024822732487E-002
   4.2687839487852292E-002
   7.7740490036596003E-003
  0.14904997178450571     
   4.5761775767587241E-002
   9.6059195310917944E-002
   6.3612242460784563E-002
   6.9050786916101496E-003
  0.28802100348893650     
   7.6892877438227161E-002
  0.20216393508788624     
   3.1944194223446791E-002
   1.2111602170835283E-002
   2.4347829213408043E-002
   7.5478901483249941E-002
   2.5842257305523877E-002
   2.4007376675564535E-002
   4.4450589641931652E-002
   3.0437492176906954E-002
   8.9598841740784734E-003
   2.8832106381052607E-003
   7.6312763692473043E-002
   2.2993301343051400E-002
   3.1867765977207065E-002
   2.1586214672877430E-002
  0.13416024565771478     
   7.6448546789955066E-002
   3.2312747065521757E-002
  0.14688264475048202     
   1.8537529938742251E-002
   3.3249124332654825E-002
   5.7355314225939938E-002
   2.1518882467026549E-002
  0.14691120266480254     
   4.7743029855092281E-002
   1.3430312672836132E-002
   8.1830422663780544E-002
   5.7621255724946745E-002
   3.5911205698937791E-002
   3.6065257593410525E-002
   8.5832132609263603E-002
   4.2601842731809211E-002
   4.7771904385761989E-002
   8.8730023278725825E-002
   3.9874231172880116E-002
   5.5730495925788992E-002
   6.1270995940786756E-002
   4.7943486136567397E-002
   2.1480564367600926E-002
  0.21561422237449387     
   1.7135437198231511E-002
   6.9435349715229897E-002
   4.2239718034692918E-002
   5.7669926602677640E-002
   2.0864480135997829E-002
   3.8770466881379737E-002
   7.4888219218968127E-002
   3.0397893118318794E-002
   9.2726346674404506E-002
   1.3580150156748663E-003
   8.7327262754686719E-002
  0.20509267919024263     
   4.5411703647292974E-002
   4.7308739202166376E-002
   9.5001416635421693E-002
   3.3996485154752912E-002
   9.2310166309136688E-002
   1.2278387304398461E-002
   8.7472593166943891E-002
   7.3491591705281481E-002
   9.4157886164579013E-002
   1.0109752331697138E-002
   5.2377420496020954E-002
   2.4944986072980048E-002
   6.1356890523119271E-003
   8.2281220256523138E-002
   6.9313939372230737E-002
   1.9241886276916865E-003
   3.5034114678803255E-002
   9.5277859693488655E-003
  0.10222538298526779     
   4.8038207657379609E-002
  0.11669143185556549     
   8.6317672571019730E-002
   1.6694263513452660E-002
   8.7676388453748560E-002
   2.0143744592312978E-002
   6.1857619550263934E-002
   4.6972465201195752E-002
   2.2065188727901263E-002
  0.10841760342980000     
   1.0921454232869577E-002
   2.9536499667610343E-002
  0.11003322294834619     
   3.4649326077663981E-002
  0.10547940985145347     
   6.3913844495623540E-002
   5.7993159972949029E-002
   3.7946716235866731E-003
   4.9112805945253808E-002
   3.3289241532186570E-002
   5.1449710834283867E-002
   2.9404540256060586E-002
  0.10168345601924933     
   5.5613073494771841E-002
   1.8327103529044070E-002
   4.6948843754139574E-002
   4.6935631744861581E-002
   1.0667393278560344E-002
   4.5859195781450882E-002
   3.4392795774166006E-002
   1.1438811560681661E-002
   2.7187991988641774E-002
   2.0241975368123021E-002
   9.9059979745162088E-003
   6.3631614972703962E-002
   3.4372239804853440E-002
   2.1702392424675348E-003
   5.2784252821009812E-002
   4.4990789031354686E-002
  0.13033330775687210     
  0.17905203388839280     
   5.7069100539670709E-002
   6.5579389675076566E-002
   5.0653464984705437E-002
   8.1309907938865694E-002
  0.12239280197114791     
   2.4170199520047314E-002
  0.21785908238281257     
   3.3757925757763083E-002
   2.7789561026222764E-002
   4.2008022281112598E-002
   1.8567774821422692E-002
   2.0968657324121537E-002
   8.1246916085950180E-002
   8.5651040393725661E-002
  0.12306115859083412     
   1.8274884191196765E-002
   1.4547352366898254E-002
   1.9598161337734860E-002
  0.12629276034839679     
   7.4393674030652071E-002
   6.1610656536179753E-002
   4.7918289251575118E-002
  0.17596970133033657     
   7.4875246199367043E-002
  0.23656011661029008     
   3.0751266507424563E-002
   1.6405665347645922E-002
   8.1445612677492618E-002
   8.2983594432185601E-002
   7.7559328630379468E-002
  0.32898552100306877     
   1.3056856964557200E-002
  0.16054243813617294     
  0.22283416859724423     
   4.7329758589668376E-002
   6.5846458718738038E-002
  0.24429722380183927     
  0.15193029381414466     
   8.5190654434154467E-002
   5.9639304911266629E-003
   8.0438986030345314E-002
   7.0551217253752851E-002
   7.7798268199759319E-003
  0.10464933624378457     
   5.2009001251024041E-002
   4.1550434836785818E-002
   4.8050034783425184E-002
   8.2157226523642008E-003
   6.1677504684152590E-002
   2.7126951397010778E-002
   2.4405159840786679E-002
   5.1197097939657800E-002
   2.4049019805479476E-002
   4.9983473887135421E-002
   5.2631662043630741E-002
   1.5305602119960663E-002
   1.9523688927046375E-002
   4.7237847421079615E-002
   6.2741018235798529E-002
   6.1282084980677110E-002
  0.10846257427072993     
   8.2561697348724081E-002
   1.8166725842234839E-002
   2.3121669729854726E-002
   2.4237523863490863E-002
   2.0423554597661552E-002
  0.16638341969106207     
  0.21777839298527005     
   2.6940097968356023E-002
   2.5793114422724833E-002
   7.8193274330371921E-003
   5.9315777436816888E-002
   2.9420701992524542E-004
   2.0173405289565880E-002
   7.4484412805387546E-003
   2.5460901645089254E-002
  0.32702561000909952     
   7.2286439548283569E-003
   3.0524192510660041E-002
   2.4134754570672035E-002
   2.7333068370961063E-002
   2.6516815622209349E-002
   2.2109939443318780E-002
   2.5729597799428638E-002
  0.26634713593410936     
   2.9014091394537915E-002
   4.4636863880830574E-002
   2.0796820115136620E-002
   4.0167707495258435E-002
   4.8703392522182656E-002
   8.4536803483767700E-003
   2.3787846454527126E-002
   1.2594682532253262E-002
  0.11511301198842377     
   3.5874546357384965E-003
   8.2001287813654490E-003
   4.9961112882468565E-002
   1.9220590162793412E-003
   1.0170890436914173E-002
   4.0005784514945797E-002
   5.7281587201872201E-002
   7.7852631980320913E-002
   5.5152114563060441E-002
   2.4363476480664403E-002
   3.8107489386802230E-002
   2.1630764382281110E-002
   3.4714642095283910E-002
   3.4331994904571894E-002
  0.16182643917425632     
   5.5694572442728137E-002
   2.0989604667717526E-002
   6.9454227039792510E-002
   5.5550165722750240E-002
   3.7740106706608378E-002
   9.2825750337996588E-003
   3.5526472031197922E-003
  0.11853705751477198     
   3.3116358574893076E-002
   4.8145841690177132E-003
   3.8035008479935524E-002
   5.2063913138401200E-003
   1.3682343329166876E-002
   2.5433757147055553E-002
   3.0091573928508454E-002
   1.3853515338027712E-002
   2.6606939442997232E-002
   1.6359642178229390E-002
   8.9006327501179469E-002
   7.8589172074623376E-002
   5.0292258294050478E-002
   5.0634178593088899E-002
   4.5860235503670493E-002
   7.5561810340315630E-002
   4.0238106287017933E-002
   1.4723726887505036E-002
   7.5421716682043324E-002
   3.4786731117056692E-002
   6.4819373415871726E-002
   1.9211377145490219E-002
   1.5907031619023484E-002
   7.5128969013251168E-002
   4.0492121738628144E-002
   4.8914055844616222E-002
  0.13745086007480337     
   7.9022946179009623E-002
   4.8191623999392440E-002
   6.7838018175190640E-002
   5.9596184229085698E-002
   4.6466793129519075E-002
   8.0648698997224072E-002
   9.0506996299816331E-002
   4.4072201836206540E-002
   3.3369774220435418E-002
   6.1746830465817068E-002
   4.4918484632959187E-002
   3.3970780257432311E-002
   2.0781918871777532E-002
   5.7736749965345516E-002
   1.0829950150389888E-002
   3.7881614403965320E-002
   5.8320355635826750E-002
   4.8936305879429829E-003
   8.1981747969611163E-002
   1.8797552496607306E-002
   7.9914809601796203E-003
   3.3131917707479308E-002
  0.10483064492047887     
   5.6034274817013960E-003
   6.2196640557235741E-002
   6.5718518625137348E-002
   6.7751074600148023E-002
   7.4687847055545459E-002
   1.3017644576893552E-002
   1.9011742029329579E-002
  0.13129578379783197     
   1.4043168460128505E-002
   6.2151195658109441E-002
   9.7361122766931416E-002
   3.9905622180275088E-002
   4.2860895300389827E-002
   2.5604278638735732E-002
   3.4762888220535311E-002
  0.29700719270788900     
   3.9677597017069778E-002
   7.2030166884756747E-002
   4.9845741387408903E-002
   4.1242009773654977E-002
   1.9678555399268261E-002
  0.32069778654045550     
   2.3835988183204732E-002
   3.1336693965932264E-002
   2.9339378099462493E-002
   1.9464475010656533E-002
   4.1128152311494894E-002
   3.3773039078817499E-002
   2.2604582579208901E-002
   4.9428960492942486E-002
   1.8980516115315347E-002
   3.6447195685371588E-002
   2.8863458234575715E-002
   5.8656183397071043E-002
   1.2213584357568256E-002
   1.3060574703987790E-002
   4.6499667458438261E-002
   2.6923377582926209E-002
   2.4098930355435432E-002
   3.8800863192751167E-002
   5.2229598082827844E-002
  0.14746838823353139     
   4.7285582604014498E-002
   3.5371204311777801E-002
   3.7758898239263969E-002
   5.4443713903712901E-002
   2.3495052721117599E-002
  0.14806561955407452     
   4.1357359131383609E-002
   8.5521934403267094E-002
   7.8875529597290689E-002
   7.7966133007359812E-003
   2.8572789179998156E-002
  0.29817465908612473     
   1.0799606291156833E-002
   7.6768101544126749E-002
   8.5902501510675300E-002
   5.8973562257130047E-002
   5.6776804215552826E-002
   3.9909751284776022E-002
   6.6558923546231177E-002
   9.2619226302152954E-003
   5.7183172928739652E-002
   2.4475864615205716E-002
  0.21546632308788263     
   1.7875988269608730E-002
   5.6549922315195712E-002
   3.2713457325140520E-002
   3.4775369782967094E-002
   8.4628886645607776E-002
  0.13345920963010369     
   3.5216484557518656E-002
   6.3239623989224752E-002
  0.10740716792302757     
   6.5959988917523825E-003
   4.1415722785429349E-002
  0.21968189411158442     
   4.8596241613608385E-002
   3.3768978622674424E-002
   1.8893430951553530E-002
   5.6287207098083318E-002
   1.2915178474626686E-002
   6.8468605643253355E-002
   5.5142258196349860E-002
   1.4130478666392571E-002
   9.8738596469674072E-003
   5.8382704445621637E-002
  0.10950625111826920     
   3.3488609678718237E-002
   5.8723059930912709E-002
   1.3534397266299122E-002
   4.0547431010867920E-002
  0.12793527221344639     
   8.3285857432191260E-002
   4.2468069863882789E-002
   9.6702517212310900E-003
   2.9963338422625760E-002
  0.16801835393954620     
   6.6934982593130736E-003
   4.8891336524809127E-002
   4.3476352181988143E-002
   1.6689866395393729E-002
   4.5010596540917040E-002
   9.0241295369665783E-002
   1.7071842397248120E-002
   1.3378813954123327E-002
   5.8357555256984845E-003
   7.2046100250970121E-002
   9.5959718233445165E-002
   4.2871462668517706E-002
   3.3175708901842342E-002
   5.0084180012051109E-002
   8.8583004105277766E-002
   2.7949199350316627E-002
   3.7995191597968984E-002
   3.2284756275019214E-002
   1.5645339788324834E-002
   5.3381998025602735E-002
   2.4142220467702289E-002
   4.3869893218002207E-002
   4.0932132369856898E-002
   6.3544363306706798E-003
   2.9859293105175891E-002
   6.3286217478727660E-002
   4.0331173003987461E-002
   3.7911980514449543E-002
   8.7650817543160717E-002
   3.1156409675067814E-002
   1.5598739909096840E-002
  0.13497572746912373     
   6.8131182671918866E-002
   4.9569001654437096E-002
   5.0461757489568944E-002
   3.3394103895748310E-002
  0.11683741647240523     
   1.3039885095315885E-002
   5.6849926923333268E-003
   5.6122968754508701E-002
   2.7299032788059025E-002
  0.10106482783634424     
  0.10912257751746469     
   1.7584511865305168E-002
   1.8299019886461310E-002
   8.6849619238443296E-002
   5.3357790437468772E-002
  0.15306536914440283     
   2.9626092507608493E-002
   2.3485600623094304E-002
   1.6189492055472130E-002
   1.1847659661949944E-002
   8.4232548048553180E-002
   6.4409709774891660E-002
   2.3227672484399043E-002
   1.8647882698073319E-002
   4.1423602257204026E-002
   3.9749672544828828E-002
   3.0171565826186087E-003
   5.7399639452757577E-002
   6.9209537438377988E-002
  0.14275371611917476     
   5.9958383698530439E-002
   2.8727100514000993E-002
  0.52609014882915484     
   1.3615568808281589E-002
   8.5713263643395515E-002
   1.1064721161303120E-002
   1.6546488155133134E-002
   5.4204095594448137E-002
   4.4169049477442268E-002
   1.6686802665715796E-002
   1.8689760966584760E-002
   4.5148193807311950E-002
   1.7981460597468742E-002
   8.9095495447876080E-002
   7.1043291488643318E-003
   9.3592614020058338E-003
   6.1792145125271696E-002
   7.7495972794768058E-003
   8.7785888715279606E-002
   6.4958864165093264E-002
   7.2602127567752035E-003
   5.1300535144171509E-002
   2.9141993240482039E-002
   5.8338772652879116E-002
   1.0401632186397508E-002
   2.9765127819456526E-002
   3.4594372123761735E-002
   1.6057229929375458E-002
   3.5497361721024585E-003
   3.4106361042928683E-002
   1.7905466739512425E-002
   3.8867748281679192E-003
   3.6365352903274958E-002
   2.4128846686252963E-003
  0.29152231555975505     
   1.7916722160167691E-002
   4.3445860623952261E-002
   1.1370441297178452E-002
   4.2742717100584617E-002
   1.1422439011566620E-002
   2.0926615074694014E-002
   5.8117785164745230E-002
   5.9593086239036530E-002
   2.2730361852005831E-003
   5.1274176101424845E-002
   3.4872293647860465E-002
  0.21300477818838146     
   7.6149737571111339E-003
   8.6858555349862573E-002
  0.11964571009686671     
   7.3128803995975322E-002
   6.5812962323197555E-002
   3.1426315755688411E-002
   3.5283636923079731E-002
   5.5011306714393443E-002
  0.40693184990740566     
   2.2747347985123605E-002
   4.1606421012331800E-002
   4.1828443685293426E-002
  0.13568686566731436     
   1.6432263081137675E-002
   7.2259946383472322E-003
   3.7103814256627600E-002
   9.0084705695924801E-003
   2.5425362189518248E-002
   2.2199331814714729E-002
   6.6088411738480818E-002
   4.7827957998158997E-002
   2.4937673743083952E-002
   1.9844575360220808E-002
   2.2293250544771909E-002
  0.29575313940300313     
  0.21709075372603023     
   6.5455990134184697E-002
   2.5120222501657796E-002
   5.3627624510719410E-002
   9.9130189968069632E-002
   2.1090066862914904E-002
   4.1943701230935791E-002
   4.1037223999697045E-002
   9.4850931016816041E-003
   7.1515033258286634E-002
   9.1124243268957725E-002
   6.2060597307954365E-002
   4.3228344711769361E-002
   2.3450976526192657E-002
   5.3690978385191657E-002
   8.8896784419945710E-003
   5.0696728001136677E-002
   3.0032365179384672E-002
   7.0538450947556938E-002
   3.5257692621470847E-002
  0.11651509216645699     
   7.0249918465552993E-002
   7.0643729430327441E-003
   3.8098546606361500E-002
   7.8655969479769546E-003
   4.3870166711389803E-002
  0.15660794036551978     
   8.2192985748269554E-002
   7.4576791504708237E-002
   9.1736521072174684E-002
   8.9485195680436100E-002
   6.6926709401435566E-002
   5.9626686073080359E-002
   3.0192720074538600E-002
   1.9985152174850987E-002
   4.7033267860197597E-002
   7.0369486764947892E-002
  0.31415613352652993     
   7.2600590145151467E-002
   6.3580778205938812E-002
   6.8050768610922380E-002
   8.2123210711937941E-002
   7.0802653748759437E-002
   4.7523715642398046E-002
   4.8352334606826704E-002
   6.8522827806562742E-002
   1.9569197953957763E-002
  0.13215979724679805     
   3.2962894161504733E-002
   7.3708332751290156E-002
   1.7653965955653456E-002
  0.13573313809409301     
   4.9378866817632511E-002
   9.3569207658173684E-002
   1.7660999225240739E-002
   3.7805289083189142E-002
   1.9672583411731000E-002
   1.0913891682364891E-002
   7.7533241161078653E-002
   7.0365139520145059E-002
   2.4429452067142043E-002
   4.3582986861203182E-002
  0.10125885033639681     
  0.15181965492678193     
   4.9213429349548594E-002
   6.2647599768867759E-002
   5.7758508194205261E-003
   3.9858422644400003E-002
   2.6096114579306367E-002
   1.9304631409844189E-002
   3.7506284112606487E-002
   4.9149718625704428E-002
   7.3450004900478556E-003
  0.29725051584430667     
   4.4125451757621746E-002
  0.58623527475405068     
   1.7160283729449253E-002
   3.9862423841142816E-002
   4.2085368520959919E-002
  0.18589353899457459     
   3.8367635870023772E-002
  0.13047836726574111     
   4.1829420224331622E-002
   4.3918680216065965E-002
   3.0730273307907926E-003
   1.5032566880947234E-002
   4.9124207120057037E-002
   7.3453905298667202E-002
   5.7668355292498572E-002
   1.0481656549280351E-002
   4.2436995645056381E-002
   4.7459944054229146E-002
   9.7308363655907015E-003
   5.5689289394936267E-002
   5.4566681247863943E-002
   3.1326504338720480E-002
   2.3545759400474937E-002
  0.10002369778688504     
   1.2774851918996797E-002
  0.10023217532028172     
  0.17024008237522187     
   3.3882008648308794E-002
   8.2542815486607631E-003
   3.4589822489792955E-002
   1.7366265787027723E-002
   4.7031175003588992E-002
   1.3139932313644581E-002
  0.12163562160295759     
   6.1117275211905776E-002
   1.1550454225006458E-002
   7.6599617477100646E-002
   3.3866017003922637E-003
   6.8451287310869096E-003
  0.29255772041986156     
   1.8470778741256414E-002
   1.1266842363656495E-002
   8.2271648156446615E-003
  0.11619597764933409     
   5.4006485704474645E-002
   3.8436070852720723E-002
   2.1886779553179764E-002
   6.0929548870845660E-002
   4.9950451086839986E-002
   5.4787966742978221E-002
   8.5478107539079598E-002
   2.8662346968309601E-002
   5.8323582983114450E-002
   4.1919575274640006E-002
   7.6878878039339349E-002
  0.52986791478945916     
  0.11214370064660902     
   1.0609731202247346E-002
   3.0072443069887909E-002
   6.4470374132914607E-002
   7.2287031886573053E-002
   7.6310505863003378E-002
   5.3771365586050807E-002
   3.3996951531701597E-002
   2.8004322584712485E-002
   2.6015212843974629E-003
  0.38387754964632742     
   3.0326798738852790E-002
   4.8486269317348688E-002
   1.9153816749585224E-002
  0.21498271710727346     
   6.5960756101300019E-002
   5.0771410144190600E-002
   6.5419198290038380E-002
   7.1730584236034140E-003
  0.13923391721227496     
   2.7958071391135784E-002
   2.8399259535436816E-002
   1.2439593157667747E-002
   4.0697857730851973E-002
   1.5101895712013345E-002
   1.2785540027679228E-002
   8.4678054307431902E-002
   1.2582512279966387E-002
   6.6289189052259695E-002
   4.7410239427816886E-002
  0.19449311509122924     
   7.0602593435819483E-002
   4.8118572913952704E-002
   8.0416499997011878E-002
   1.8064963682679250E-002
  0.17403580747298722     
   8.5353835588476354E-002
   2.7058632262020845E-002
   1.9518487759401421E-002
  0.26211668313725245     
   7.7019911012605136E-002
  0.15784929703155864     
   8.1455663046743509E-002
   2.9308122716100969E-002
  0.10404761898132443     
   7.6734628310435135E-002
   2.7725599262339990E-002
   4.3946353612726044E-002
   3.8721506982996388E-002
   8.7445015590335184E-002
   5.7329595252301996E-002
   1.2970856725910394E-002
   6.4346422359341043E-002
   4.9001614581700187E-002
   1.5543700519482104E-002
   8.2826758395506184E-002
   1.5738960562551533E-002
   6.7935910806164082E-002
   2.2657313400059727E-002
   4.6635275747263484E-002
   3.2847519391369644E-002
   3.6353147087438517E-002
   3.1347491138620009E-002
   6.3165904029176781E-002
   6.3772412144568760E-002
   8.1503934791126623E-002
   3.0753566494728848E-002
   2.1917245486855752E-002
   9.2781183295163869E-002
   8.3713129481557028E-002
   1.9701617276877803E-002
   2.0420907969212115E-002
  0.10771864886694928     
   5.5299181274459840E-002
   6.7588605352544989E-002
  0.12607200690675727     
   3.3680316510880776E-003
   8.3311412345725755E-002
   2.1166016775504327E-002
   4.1594262572070127E-002
   9.7142257693882947E-002
   4.7734352982798212E-002
   6.5377505181096612E-002
   3.9772821456818472E-003
   6.8640967994174046E-002
   3.2990686711603337E-002
   7.6294904570814004E-002
   3.4087298033953030E-002
   5.1105498662976069E-002
   1.2819773493574372E-002
   3.9976124450846591E-002
   9.4099254427466347E-002
   2.8475973412486141E-002
   4.9886619791824460E-002
   1.7429757269063741E-002
  0.13268880100507857     
   4.2262467953633427E-002
   9.8252300708384088E-003
   4.4126248836367163E-002
   5.4859911995482138E-002
   4.0110447428001302E-002
  0.15076547303341453     
   7.7990101876804802E-002
   4.1156715833163292E-002
   2.6984907437420887E-002
   3.2571271590639515E-002
   2.0388164604951502E-002
   4.0250371110479410E-002
   7.1456941543801764E-002
   3.4840086988508906E-002
   9.2509459117861206E-003
   2.6466910607736645E-002
   6.0585017730493919E-003
  0.16973608474189672     
   5.3750166739169533E-002
   7.8123183490396292E-002
  0.12208572410365237     
   2.7563271519993979E-002
   2.3547900076423520E-002
  0.10481807824791596     
   6.1327442879998147E-002
   4.0756182972570727E-002
  0.28233964533459055     
   2.6622780285622243E-002
  0.14439113694161751     
   1.8480428188331725E-002
   7.2507729279072758E-002
   9.3585795680585310E-002
   7.3362364964194599E-002
   7.7652731984984309E-003
   2.5630761134178993E-002
   6.5712910489899537E-002
  0.17022111797359923     
   2.6122898033116428E-002
   5.4107396588437197E-002
   2.0817029086069871E-002
   3.4076139325323433E-002
   2.5192787562904910E-003
   1.0893531356295920E-002
   9.3784722191938338E-003
   4.6085935720381374E-002
  0.10223330387969556     
   9.1790793988262689E-002
   6.9706467014577292E-002
   6.0234366220849836E-002
   1.0318019276827099E-002
   4.7840514638844709E-003
   2.4435831129195812E-002
   2.0703079694346260E-002
  0.13868483356470526     
   5.9891722259990031E-002
   3.5373786020142350E-002
   3.8183985631006882E-002
   2.0150203692593842E-002
   5.8374997111549212E-002
   8.5849887621453999E-002
   6.1863567724142719E-002
   8.5142959787898737E-003
   7.7440728948980020E-002
   6.5079105198437917E-002
  0.13462199066812061     
   3.6614872900878663E-002
   2.3279941036270641E-002
   9.0031811556062283E-002
   8.9064211635786539E-002
   3.4132260975355842E-002
   2.1966783635836481E-002
   8.3160930271781605E-002
   9.4882330326486644E-002
   8.9923449167514533E-002
   4.9334098504708240E-002
  0.18493391872377565     
  0.10067923159366327     
   3.0172933679573813E-002
   5.6846387175956678E-002
   7.1634009889390032E-002
   5.1140014709954822E-002
   5.4039800047552190E-002
   9.8946899042015549E-002
   5.5791682769114219E-002
   2.9133230284363147E-002
  0.16189670908241163     
   9.6328979530811348E-002
   2.0163408874405920E-002
   3.9087032099915389E-002
   6.7898757305328766E-002
   3.3774062957698039E-002
  0.10711020721350237     
   7.4060282003168457E-002
  0.13795339418651653     
