   2.2117038022752646E-002
   5.8284139789574606E-002
   9.5138841578993553E-003
   2.3331979925535367E-003
   7.2947950842789780E-002
   1.1887911025294145E-002
   1.2299736523196962E-002
   2.5519658433399251E-002
   2.0073415774956433E-002
   5.5436396618745963E-003
   9.3168050269051336E-003
   1.4675496731825086E-002
   5.1093131265962814E-002
   4.2846917631336204E-002
   5.8850415970694132E-002
   3.6988734781613600E-003
   2.2009742798987198E-002
   2.0039084735577230E-002
   6.8947165004634534E-002
   1.3751151722295627E-003
   2.0915536736320819E-002
   8.1736474256681475E-003
   2.8933909067498518E-002
   4.9837911964523446E-002
   1.7123520736337472E-003
   8.1218082361736457E-002
   4.3230019984385117E-002
   1.9849842445506163E-002
   2.9092163201716321E-002
   3.7818528817906469E-002
   9.9029964982425694E-003
   7.1617878275762603E-002
   5.8910527245757321E-002
   4.9544605559779541E-002
   1.7011909626136201E-002
   9.1045457803704946E-002
   1.1463298480116905E-002
   6.1363494519880782E-002
   6.5262096366418918E-003
   5.0689843341574198E-002
   1.7458779743863888E-002
   7.8640815425668559E-002
   3.3829614920480366E-002
   4.8098488390355493E-002
  0.22083077248586169     
   5.1822258534078196E-003
   4.4976399620761935E-002
   5.1832703614662662E-002
  0.19229760529979822     
   1.4253510993669657E-002
   2.5967343690096747E-002
   4.1235880782384889E-002
   1.5495460782509851E-002
   1.2350858983321446E-002
   5.6657572924325120E-002
   1.4097902575061671E-002
  0.16085643638163166     
   1.7182001585221464E-002
   2.9333954510288654E-002
   7.8814454322240629E-003
   5.2568545981681598E-002
   2.4112914858612482E-002
   7.7740103116447468E-002
   4.5941689931931547E-002
   4.8939437978103718E-002
   6.5488422456657872E-003
  0.12629391869291631     
   2.9539697427143330E-003
   5.8508750304147226E-002
   6.8035929954286659E-002
   4.9468004261525471E-002
   2.3757645968352269E-003
  0.11858820663284048     
  0.12661249054827434     
   2.7950391899539257E-002
   1.5144905427615256E-002
  0.14010651214679654     
  0.12967239970262337     
   4.4108498343032279E-002
   1.3244003777982648E-002
   4.2109462453798596E-002
   5.3443976745895742E-003
   4.3460070577687235E-002
   4.3051094859392208E-002
   2.1724521537187170E-002
   6.8016155060912180E-003
   5.4795577881630128E-002
   8.4472481225412066E-002
   2.0667703861294330E-002
   2.4987560009008647E-002
   1.8866007795579585E-002
   2.7463643357050479E-002
   2.3439488503843749E-002
   5.7776148547557839E-002
   1.4177408803992115E-002
   1.7033797364126465E-002
   1.8021812037863752E-002
   6.4768631750734995E-002
   5.5301505072526652E-002
   2.9982075945425332E-002
   4.7598786032584911E-002
   3.3282296784554542E-002
   1.6291849431551011E-002
   5.7016514589682196E-002
   9.9993708166469658E-003
   9.7523018933418568E-003
   1.9458889429507353E-002
   5.2278784241665335E-002
  0.18423154199729122     
   1.7884013593903045E-002
   9.9120427545546896E-002
   3.4591369778115490E-003
   6.4945509461023634E-002
   2.3129011896018691E-002
   1.2059329374627182E-003
   3.0508292075218726E-002
   2.1724175431881518E-002
   4.0132691496590689E-003
   7.5630321110514112E-002
   7.8186745244073527E-002
   6.8913287968769468E-003
  0.10183679295178390     
   5.4945769204373197E-002
   5.2629691701804794E-002
  0.33559905133393420     
   1.8902413696832831E-002
   2.2259366107750190E-002
   5.6225973153857474E-002
   4.1387786696583072E-002
   2.2106923585749536E-002
   7.9395249830456094E-002
   2.0372027120956704E-002
   3.3775487120913703E-002
   3.8994697793003408E-002
   6.9316710376775975E-002
   7.0170702865479190E-002
   1.6127813151016843E-002
   3.5659987386080470E-002
   2.4783938622289010E-002
   2.0165562003819873E-002
   3.5936076069295872E-002
  0.17734518292497017     
   4.4970381446193350E-002
   8.5379503876423221E-002
   3.0123992782575694E-002
  0.20113150417126732     
   1.8337974591346288E-002
   5.4567574109598130E-002
   5.3333399377663113E-002
   2.9937887722074523E-003
   3.7528971922320402E-002
   4.7698700429922525E-002
  0.16327854101048203     
   1.1822129799921317E-003
   5.6208189239332351E-003
   8.0764289346322987E-002
   7.9281282376884796E-003
   1.9766369110000473E-002
   6.7779773730906934E-002
   1.4131909377534908E-002
   3.1218982030941141E-002
   2.1397864475061482E-002
   3.5463313183574395E-002
   4.0207825230508261E-002
  0.13749996255974298     
   7.7913967153114515E-003
   4.6275536857556150E-003
   2.6853718173783483E-002
  0.16970236772818498     
   9.2830707659776787E-002
   8.4512905534952949E-003
   1.9777093471428780E-002
   2.5570619221823836E-002
   2.3756061792166386E-002
   6.0457921226817708E-002
   2.8071861526557242E-002
   4.1972148329659585E-002
   4.0131590527363092E-002
   2.1685528414460330E-002
   2.6753874380582365E-002
   5.0268445990405870E-002
   9.0115842779969854E-002
   2.3647145173851886E-002
   8.0353146952175832E-003
   2.3717846443726022E-002
   2.1500545779574082E-002
  0.11069845348879326     
   1.7038297246713196E-002
   2.4368714753031945E-002
   3.8909071403400414E-002
   8.8956248151382603E-003
   6.3081567846198450E-002
   1.5304007470393255E-002
   1.4962493771173382E-002
   3.6929834009681160E-002
   5.4421869204886605E-002
   1.3002554540565429E-002
   9.5295779116688129E-002
   2.1429060124258411E-003
   2.4252010888047019E-002
   3.7394154735806505E-002
   5.8682544664174141E-003
   1.2426984609351486E-002
   5.9165817181529801E-002
   6.6494364126918240E-002
   4.0634293069354441E-002
   4.1806274912269431E-002
   3.4821526855750920E-002
   7.4788828060378454E-002
   3.4244838090782487E-003
  0.16080903736382327     
   2.9224495176532608E-002
   2.6181822626578651E-002
   4.3056583529883473E-002
   2.4210467795319126E-002
   1.6159474849193175E-003
   1.4922055429947050E-002
   1.5958890617662976E-002
   3.8077746501094342E-002
   1.4038412488779942E-002
   7.0083168667943382E-002
   2.0880588080142169E-002
   5.6726634708290244E-002
   9.3343583898380059E-002
   6.8039614982187482E-002
   5.3821588835413874E-002
   5.0469879373522833E-002
   3.8705498450818193E-002
   1.6249032771273136E-002
   2.7679394776107369E-002
   4.8448920264721827E-002
   5.6263844284835600E-002
   1.9620444505546876E-002
   4.0628051023186189E-003
   2.9942727637378048E-002
   3.7216092453514607E-002
   1.6538042434730289E-002
   2.5543358741775130E-003
   6.9718985977328283E-003
   3.2886450832583264E-002
   7.5811992525501179E-002
   2.5198615930460789E-002
   1.3913576732954300E-002
   9.2395702422710876E-002
   1.4236428423519382E-002
   1.4688362521962889E-003
   3.5741667417819819E-003
   5.0205292460876662E-002
   7.9342091202911275E-002
   5.8393363770673244E-002
   2.2213425105429847E-002
   1.2745025741175253E-002
   3.9570817851100934E-002
   1.3458686244170752E-002
   2.7748387507979345E-002
   5.3239369242172159E-002
   4.6362459052546101E-002
   9.5395044792778705E-004
   8.6817203345174815E-002
   4.7999268541325739E-002
   7.9048521949256378E-002
   7.3043885195709880E-003
   6.4254002966169427E-002
   1.6586951608908711E-002
   3.7211245658629682E-002
   5.2220803496390057E-003
   6.9185632407701625E-003
   7.1307687187759806E-003
   8.9450767991159030E-002
   9.5913490280647315E-002
   4.1343061652577819E-002
  0.16148549794974515     
   9.2938150193461605E-003
   1.7658662018226440E-002
   6.9487113314576660E-002
   3.5097885440430243E-002
   1.6259433775957701E-002
   9.8725367383215943E-003
  0.13213302889657186     
   5.7272024253009444E-003
   1.9421385086752403E-002
   9.6879997843866122E-003
   2.0686021818714879E-002
   8.5291911030106554E-002
   1.7524176919238993E-002
   2.7772346386435238E-002
   2.0172800755685117E-003
   7.1813680162940569E-002
   9.2116731862896720E-002
   2.3213991653140677E-002
   3.1291528321566280E-002
   2.1079029337391392E-002
   2.0253475802571398E-002
   2.0301476477586643E-002
   3.2609841749959755E-002
   7.6868127745171821E-002
   7.2362885441101393E-002
   2.7791471437961703E-002
  0.20160509242191482     
   1.3674386363641986E-002
   2.6423390222167294E-003
   7.0038785876502451E-003
  0.12155807559651642     
   1.9178480781038731E-002
   2.4348637781678575E-002
   1.4715900080948629E-002
   2.6743568933744615E-002
   4.4471047444772979E-003
   3.5854509804386342E-002
   1.3214888279364935E-003
   8.2581529484702099E-002
   3.4083244404608852E-002
   2.8074570931319653E-002
   7.6810511529651196E-002
   6.2750518843550929E-002
   1.2571445138761333E-002
   7.5848167759059353E-003
   5.9661914348806293E-002
   3.9224983150921253E-002
   4.7001468080953200E-002
   5.4146134551252077E-002
   2.1635522960108910E-002
   3.3789650922196116E-002
  0.32433215464024129     
   4.0514901421263079E-002
   2.8488894790483980E-003
   4.1587757527874594E-002
   2.2199177677716623E-002
   3.8390788334700013E-002
   1.3187585544704179E-002
   2.8093207285060158E-002
   4.7124959711370658E-002
  0.14995575084322349     
   4.4875359344516913E-003
   1.5080051959162831E-002
   5.9173129854158367E-002
   7.1128623388898984E-002
   1.1476178496097403E-002
   3.7398192447205825E-002
   5.1978292188858063E-002
   7.2054907458734907E-003
   1.2193906313070133E-002
   1.4787453529862304E-002
   6.2524881809027572E-002
   1.1743377329727961E-002
   1.7201374443903451E-002
   3.9500992710452175E-002
   1.8444372260687368E-002
   1.4732409407707184E-002
   2.5405925523236984E-002
   1.4385923914724560E-002
   6.3027672018865135E-003
   1.7130126752426020E-002
   6.5133339374943578E-003
   3.3761744213959853E-002
   3.9215381686542469E-002
  0.21610581888610988     
   5.2827277349108935E-003
   6.5047308236804401E-003
   4.4661805582460488E-002
   4.1992064665649455E-002
   4.0377593782085306E-003
  0.11154155575573917     
   9.9826906011470193E-002
   1.0016657263466554E-002
   9.7986229288221635E-002
   1.4419239328553187E-002
   7.5827119416969929E-002
   2.7593709766420473E-002
   9.1644031095551980E-003
   2.1268523179901237E-002
  0.18218225435943813     
   6.1509312820631303E-002
   2.3841718471916570E-002
   2.6013002091480660E-002
   8.6631050452917038E-002
  0.14416573123770521     
   5.9485142180526786E-002
   5.5398370036037654E-002
   5.8760147892800846E-002
   1.6779207787728182E-002
   2.2383397105462832E-002
   7.4421511528007531E-003
   4.0846344045638800E-003
   4.0446358516632606E-002
   9.9052973114656315E-003
   9.8035088458296199E-002
   5.2740434378538599E-002
   3.8184289420850510E-002
   4.1634926099007362E-003
   5.3677387269016177E-002
   4.9308394316447339E-002
   1.4580224027675856E-002
   6.9386648752033479E-003
   1.3452812200976180E-002
   1.7332122391116388E-002
  0.17701961297210847     
   3.6866647253696441E-002
   7.2831002812831405E-002
   1.3140634034913281E-002
   5.1428942265996626E-002
   4.8578264835587137E-002
   1.7950189010809602E-002
   2.5961657727150787E-002
   7.3888969744965630E-002
   3.2152092394662331E-002
   8.1677494883796546E-003
   7.7218241310355984E-002
   2.8913847897855199E-002
   3.1740717595798704E-002
   1.9251629181029364E-002
   3.4517843509949855E-003
   2.0376130135690913E-002
   7.7688538205397655E-003
   8.5741565361729805E-003
   4.4538627764720258E-003
   6.5635794535019484E-002
  0.17241742091182999     
   1.3874320843814016E-002
   4.9457744813847952E-002
   2.7254534599987636E-002
   2.2865760670721734E-002
   6.3731846658666672E-002
   5.5278166447160430E-002
   4.7447660366798806E-003
   5.9154656108099293E-002
   3.3472403611949565E-002
   8.8701382491757658E-002
   7.9454445868335274E-003
   6.3653535456384233E-002
   9.1468398083715385E-003
   5.0629322812712797E-002
   1.3580042820332212E-002
   3.9071217023191477E-003
   2.3141321878035775E-002
   6.0928393977397598E-002
   7.0639983102145046E-002
   4.1744770332759348E-002
   7.2746645113604610E-002
   4.4745264772025950E-002
   1.1420191092160593E-002
   4.8688227156940822E-003
   2.5911131007957784E-002
   4.0157357247807529E-002
   2.5955987057140317E-002
   1.3947474912419332E-002
   6.1614697965490621E-002
   1.1523587596976281E-002
   2.6554240821154280E-002
   5.7050511623163470E-002
   2.9790876485558882E-002
   8.5678372280593662E-002
  0.10862127457522973     
   1.0344502212214297E-002
   2.8685150633445500E-002
   5.1356026481883810E-003
   6.5425828270039135E-002
   8.4281672194224163E-003
   3.2660631485727596E-003
   7.7347543971900690E-002
   1.9696157033447705E-002
   1.7435222184348342E-002
   4.6108222453975064E-004
   2.4992828563192026E-002
   3.8485595700700211E-002
   2.7699326008736713E-002
   1.6745504173894463E-002
   4.3281824459745807E-002
   2.1436763534612029E-002
   9.1669549385729257E-003
   3.2333305921390408E-002
   3.4552725389603717E-002
   4.1590934614761293E-002
   2.4420119144667216E-002
   6.1532081528727856E-002
   6.6249669910676601E-002
   1.5507541748849126E-003
   2.0130283155001361E-002
   1.1899947776464553E-002
   4.3096892925833873E-002
   2.2843800047610188E-002
  0.12041002088018404     
   1.9624371271176003E-002
   4.6447718924396385E-002
   1.3436867238832939E-002
   5.2445705038276925E-002
   2.2267847151702380E-002
   1.9375433803096719E-002
   5.6136873454365466E-002
   4.1024061039684909E-002
   3.3777578757292405E-002
   1.2030607219173151E-002
   1.9045091935457586E-002
   2.8257643971640857E-002
   4.0163047503803333E-002
   3.6158779379096395E-002
   1.1394847498919039E-003
   3.2638811380040710E-003
   9.7950716623531938E-003
   2.5458632600458995E-003
   8.0978620798354117E-003
   5.9757093584197681E-002
   5.9913840019288744E-003
   7.0026683491074288E-003
   3.0570974910664215E-002
   4.5372387130336702E-003
   7.0095587287336576E-003
  0.10313690860149281     
   1.3501823214813313E-003
   1.0215583280242800E-002
  0.23566396733645917     
   4.0902004557249322E-002
   8.9160805330054244E-003
   3.5672932031623181E-002
   4.0966927301757557E-002
   4.0636903909861015E-002
   5.5593471839479977E-002
   4.5088424344428640E-002
   1.6557193080535996E-002
   8.8829669560565885E-002
   6.7579739067972655E-002
   2.9394305143307087E-002
   2.0567256087623371E-003
   1.1753291226199548E-002
   1.6784304434779580E-002
   4.7662704251435081E-002
  0.13082843190841745     
   5.2917920757949106E-002
   4.9989510603131164E-002
   4.9617023654835073E-003
  0.12815632413026318     
   4.2727838753812461E-002
   6.2430947680853818E-002
   6.0858760032612104E-003
   3.1747952800540963E-002
   3.5511917359005961E-002
   7.4443424633286849E-003
   5.8618506534386480E-002
   8.2927297368008222E-003
   5.3272816487073091E-002
   6.2076293771234125E-003
   9.5805829344689855E-002
   1.0886786168244298E-002
  0.11372276597185028     
   1.9900029152639886E-002
   4.6508446457877987E-002
   6.3045663593196022E-002
   1.7925157135033271E-003
   2.7680246080570556E-002
   8.8547740241342057E-002
   1.9935000373061090E-002
   2.4526624844715895E-002
   4.5055572428088442E-002
   6.0072075349512997E-002
   2.8735955565771951E-002
   5.3191046779401743E-002
   1.2040105557416844E-002
   9.1119367228518308E-002
   2.1137223881250760E-002
   1.9840184347863332E-002
   1.2312987424350299E-002
   3.6382808667607423E-002
   1.7591461593082818E-002
   3.0655811195958133E-002
   6.1954196572183443E-002
   3.2817757770508826E-002
   4.3061901589371711E-002
   1.4467497303372078E-002
   8.9784373816136093E-003
   1.4435342888261491E-002
   5.8770253435341688E-002
   2.8611763998978017E-002
   1.4968487373082156E-002
   7.8197074030574826E-002
   1.0740582756802239E-002
   7.0111116125961867E-002
   1.1622311792514254E-002
   4.3231724375393320E-002
   1.5345347221750471E-002
   4.5815101948995150E-002
   3.5057027485774619E-002
   9.6461333497255206E-003
   5.8360496210987196E-003
   5.4959147512247987E-003
   5.8183804001873222E-002
   6.3909584038616823E-003
   1.4649319526860809E-002
   6.0779000408235057E-002
  0.11772354680280528     
   4.2707537806542257E-003
   7.5855381871873642E-002
   1.5346877092806556E-002
  0.19266754501271793     
   1.5929938805753562E-002
   5.6810328849764877E-002
   8.8472580724759609E-002
   3.9381119373611259E-004
   6.6063526725813684E-002
   2.1309049870429239E-002
  0.11391941090216090     
   5.2066708969417251E-002
   5.7879551750211047E-002
   3.5426956155759477E-002
   2.3430165185607123E-002
   3.0302083250893182E-002
   6.6983166118438547E-002
   7.1894811670367518E-003
   2.7978751053207053E-002
   5.2001955153390622E-002
   1.2127513357443546E-002
   4.7387087658180060E-002
  0.11143352577091341     
   2.9548433237139442E-002
   6.3171784813989565E-002
   6.0285025524143858E-003
   1.5191371495028669E-002
   1.2755173010991857E-002
   7.0375476351003472E-003
   8.4334588223453910E-002
   4.9638860857606222E-002
   1.9258648932792877E-002
   3.1482085895226934E-002
   8.5837520799911752E-003
   3.6340701332979355E-002
   2.1788765558095818E-002
   1.5174212527617477E-002
   3.1037019813159850E-003
   2.4285761704201346E-002
   1.8702347579092764E-002
   2.2237420267773731E-002
   4.1550574886321495E-002
   2.0727373926586110E-002
   5.2467045260586403E-002
   2.8970705201549582E-002
   2.2395582651970201E-002
   2.8090550958875634E-002
   3.1431755193080828E-002
   5.2296695362446057E-004
   3.2862177817984818E-002
   7.6991503160204908E-002
   2.8937253094195717E-002
   2.7491621035484384E-002
   1.4003180840857114E-002
   6.6935062289005823E-002
   6.4310150017133458E-002
   5.6707491126074032E-002
   6.0537059331214005E-002
   2.8471680016590777E-002
   5.9718872071364568E-003
   3.8942355889151958E-002
   7.8052169248523276E-002
   3.3858242287726194E-002
   1.2232095357567105E-002
   1.8586239382466629E-002
   2.4074257496577458E-002
   3.7117591024325436E-002
   1.5324212234218239E-002
   5.3063499578955070E-003
   6.1515707453686057E-002
   6.0652565439389565E-002
   3.5033304818878917E-002
   9.5400019844269754E-002
   3.3780834901912853E-002
   5.5135059214677130E-002
   3.1117987357790051E-002
   1.2371559452698831E-002
   1.4245337179241108E-002
   3.1564795524501393E-002
  0.10659507110091741     
  0.11339100782999585     
   2.5045984534357503E-002
   1.6055992964849823E-003
   7.0835479130834766E-002
   1.7347745583524136E-002
   6.2340595449475601E-002
   5.1759105091371160E-002
   1.5142597383198555E-002
   5.6912484687675118E-002
   3.8717618032088827E-002
   4.6938395480622369E-002
   5.4399622380011073E-002
   4.9637318533381465E-003
   3.2317807636210796E-002
   1.1221839676065807E-002
   3.1337203526036223E-002
   5.5402122584805001E-002
   6.2693597391210484E-002
   1.8444678802301131E-002
   4.8012189832912285E-002
   5.5327213574338688E-002
   3.4101875182252307E-002
   5.2073292588865436E-002
   2.3831379584019555E-002
   5.5033626603593379E-002
   9.5823476472237643E-002
   1.2289930631432914E-002
   2.6953764315252936E-002
  0.14052945387658716     
   3.9186233795609371E-002
   4.9607611102432871E-002
   4.3103533654661550E-003
   1.3629490281756487E-002
   2.3676352087835098E-002
   2.6905750645173754E-002
   4.7984919823592577E-002
   7.0425273614974117E-003
   2.4099312876926317E-002
   2.1923303488875365E-002
  0.18162311987420388     
   8.9762123381937009E-002
   6.9674794213895427E-002
   8.3989453645119866E-002
   3.8879889368464746E-002
   1.8394489307552008E-002
   1.9710248694392991E-002
   1.5478320518955856E-002
   1.6072108396717657E-002
   3.3328967756337542E-002
   3.1897937149197024E-002
   1.1736775387258190E-002
   2.5322181189322501E-002
   3.5846189379916460E-002
   6.5145021859357485E-002
   9.0457488623720217E-002
   5.0387863562667959E-002
   7.2786741609701692E-003
   2.6633731133000754E-002
   2.1667172219054457E-002
   3.1852880017014230E-002
   7.0471616586895727E-002
  0.17606534741580807     
   3.2801098615649373E-002
   1.0116261129220757E-002
   7.5172929112752394E-003
   3.2602657620525402E-002
  0.19107402120492931     
   4.8056171897830145E-002
   8.2806928597507681E-003
   4.2411242784518846E-003
   4.9217370350323815E-002
   2.8789374500889586E-002
   1.3722217401954513E-002
   1.4924857455773977E-002
   4.2122868243232803E-002
   2.8000586551881680E-002
   4.0825105757787743E-002
   9.5718603877063407E-002
   3.5032068849102420E-002
   3.5549577282554756E-002
   6.3975783891265291E-004
   4.5005391633081961E-002
   6.4149550226886551E-002
   4.0799344744923229E-002
   7.6710226022754804E-002
   2.8972944263275228E-002
   2.1849185324112494E-002
   6.4908067403727440E-002
   2.3154803807782284E-002
   6.7614870409960032E-002
   3.2350468936159039E-002
   5.3815621173565732E-002
   3.5466753651560788E-002
  0.11735841887119185     
   2.2123559428384985E-002
   1.0664671070905993E-002
   1.9543172056629306E-002
   1.0042977797144685E-002
   6.4570763605385937E-003
   2.3726566301008566E-002
   4.0276957653358016E-002
   2.6280798509281240E-002
   1.6976131426901738E-002
   7.5165778492835983E-002
   4.9744426132454209E-002
   6.2511148053500679E-002
   5.0083832981308390E-002
   1.2032344318748859E-002
   2.0542874497473024E-002
   5.6487765116549626E-003
   1.3225484577298016E-002
   7.0248782200179700E-003
   3.3072345186108791E-002
   5.2594390341248937E-002
   6.3387192576212767E-002
   8.4488879949056808E-003
   9.4799343896237211E-003
   6.0430922382046504E-002
   9.3762257507630092E-002
   7.2627029781421005E-003
   1.5545211403460093E-002
   3.1695446298186984E-002
   1.8843795704089638E-003
   2.3572769068298985E-002
   7.4479083018922027E-003
   2.4609519075692546E-002
   4.4032625643690190E-002
  0.10141295131027259     
   4.5703677136219922E-002
   1.3809972172249876E-002
   4.8116296735639864E-002
   4.6673735268162958E-002
   2.3431585365820032E-002
   7.2449384996985056E-002
   5.1208320456724250E-002
   7.3268128355807649E-002
   3.1996445355254095E-002
   2.4157692881800726E-003
   4.3116052082167414E-002
   2.7757169353137278E-002
   2.9211653831397750E-002
   4.8353021500190045E-002
   6.1803657878530968E-002
   9.0398623030580791E-004
   3.8986044915892117E-002
   9.6834396443125498E-002
   4.5196289557787601E-002
   4.4020428297562593E-002
   1.4278413489710389E-002
   3.5945317581835952E-002
  0.20661225897314270     
   1.3184635352555738E-002
   6.7777102097744873E-002
   2.3096909106276823E-002
   2.9447811341098182E-002
   5.1386962528565845E-002
   6.9303704547835510E-003
   7.2632421012182188E-002
   1.1914918994283791E-002
   6.8103092859867383E-003
   3.7701338424589122E-002
   3.1391281547902904E-002
   5.4872070593253441E-002
   4.2682482102952363E-002
   8.8365153843315405E-002
   6.1690086628891930E-002
   4.2974774999093766E-002
   7.4523726957269484E-002
   4.9000768181932958E-003
   4.3916813660737353E-003
  0.11805899610306284     
   3.9256339245733136E-002
   5.0356648077712327E-002
   7.5624808762108822E-002
   1.6516169644925558E-002
   5.7427835813483171E-003
   3.1775569583411045E-002
   2.9567765437522944E-002
   3.7797470502382970E-003
   5.4870409373972300E-002
   1.3383696887830454E-002
   3.2966815540196072E-002
   2.6496868405547394E-002
   4.1759187672013878E-002
   2.6237998622332618E-002
   3.4487106002014455E-002
   2.7931017470191794E-002
   3.5468786645242105E-002
   4.0450628390860492E-002
   7.0761950080152430E-002
   3.1483510075119368E-002
   3.0584960388063864E-002
   3.6074240556639870E-003
   8.5492049118128438E-002
   1.5252567128015760E-003
   1.8907550487840714E-002
   2.0784728537890908E-002
   7.7575753947454584E-002
   2.7458907229255480E-002
   7.4450035243326870E-002
  0.16995477753097021     
   4.6870903474756427E-002
   3.9176498425225838E-002
   2.9597253737296460E-002
   2.2067325578383343E-002
   3.0573497194993529E-003
   8.3157236344043768E-003
   5.8926232547162408E-003
   2.9333488225954635E-002
   4.3622421962944469E-002
   4.6871168471654311E-002
   2.9392970827138300E-002
   4.1199004915247653E-002
   9.9341917411698063E-003
   7.3917636741572243E-002
   3.6624212875047676E-002
   5.8186826347322328E-002
   2.0202335906037424E-002
   2.3210099167802242E-002
   5.0251686007736607E-002
   7.6409315403819247E-002
  0.13007144534869736     
   6.5099393493066413E-002
   7.3503886591900144E-003
   3.6141156868439363E-002
   5.1509089054537639E-002
   1.8710924720636742E-002
   2.0265829908067017E-003
   4.6881837559413213E-002
   1.7873007183551483E-002
   9.8003552593526624E-002
   2.9727316676702122E-002
   3.6853040465398217E-002
   7.1197780690827828E-002
   1.4941564529546708E-002
   5.8031261220977487E-002
   1.7347624206967671E-002
   3.5904763444550424E-002
   1.8422341746570606E-002
   1.5658035553563345E-002
   5.7959855855823875E-002
  0.15060933589459524     
   2.6015591558686338E-003
   3.8192414322332939E-002
   4.2411513188735817E-002
   9.3099397895276728E-002
   3.0992574843350353E-002
   4.2184975267622410E-002
   1.5029419915503842E-002
   8.7274411589690265E-002
   1.3985497225432901E-002
   2.6407890094012808E-002
   3.1540015758015094E-003
   1.7472079628149350E-002
   4.7789766080625143E-002
   1.8107921817977445E-002
   7.2606086548506116E-002
   1.3197053782248707E-002
   1.2328978020364156E-002
   1.1360913211352335E-002
   3.6088853112392190E-002
   6.5933859708357537E-002
   6.7253599270080275E-002
   4.4943425178269394E-002
   5.7892814919162816E-002
   6.7753437922576459E-002
   4.2894581471676477E-002
   5.4239923691120857E-002
   1.2424463824190348E-002
   2.8261636579821808E-002
   2.5221672073752477E-002
   8.4345734889878857E-002
   1.8962531376055466E-002
  0.13506567909069725     
   4.5854594762524126E-002
   1.5868315036579945E-002
   2.1540944138790839E-002
   4.6442374851112668E-002
   5.3213407275415812E-002
   6.5375505598603174E-003
  0.13060862368571549     
   7.2805707515258639E-002
   2.5975880896700949E-002
   5.4386597134794962E-002
   1.7773318669982441E-002
   8.0512692347867607E-002
   7.4469418345806490E-002
  0.10289211702858317     
   1.4199279095500981E-003
   1.9083296043838745E-002
   4.0769722002267535E-002
   2.2554513283316001E-003
   2.5029141474842906E-002
   5.0246245018880212E-002
   1.6339235421019133E-002
   8.5878131274320826E-002
   2.9049128413468094E-002
   3.4288521837438767E-002
   4.1895884598395938E-002
   2.3963729161444812E-002
   3.1099333337751462E-002
   2.5882020800458899E-002
   8.7199657320729419E-003
   1.7358702142873519E-002
   9.4312586055662798E-002
   4.4981403191620931E-002
   1.8476168208866429E-002
   6.0345869706034234E-002
   5.4081746041032441E-002
   1.3161097488386597E-003
   7.8382485357364143E-003
  0.15061938413460974     
   3.3816832690302882E-002
   1.4034302446763921E-002
   4.5491188450521872E-002
   6.0783902417546547E-002
   7.7381321200497228E-003
   3.9142858644908456E-002
   2.3113698013099908E-003
  0.17285493476435745     
   7.3667495435664962E-003
   2.7625729146360658E-002
   3.1615163277506249E-002
   1.3732212663791732E-002
  0.13000080540220074     
   1.3775173394891798E-002
  0.14622635242598878     
   4.8974567220041426E-002
   1.7588410020124591E-003
   9.4819027395688874E-003
   3.1298249057702905E-002
